2091
2092
2091
2091
2090
2091
2091
2091
2090
2091
2091
2091
2090
2090
2091
2091
2089
2090
2090
2089
2090
2091
2091
2090
2091
2091
2091
2091
2091
2091
2092
2091
2091
2092
2091
2091
2091
2091
2091
2091
2090
2091
2091
2090
2090
2090
2091
2091
2091
2091
2091
2091
2091
2091
2091
2091
2091
2091
2091
2091
2092
2091
2091
2091
2091
2091
2091
2092
2092
2092
2091
2091
2091
2091
2091
2091
2091
2092
2091
2092
2092
2092
2092
2092
2092
2092
2092
2092
2091
2093
2092
2093
2093
2092
2093
2093
2093
2093
2093
2093
2093
2093
2093
2093
2094
2094
2094
2094
2094
2094
2093
2094
2094
2093
2094
2094
2094
2094
2094
2094
2095
2094
2094
2095
2095
2095
2095
2095
2095
2095
2095
2104
2095
2095
2095
2095
2096
2096
2097
2097
2097
2097
2097
2098
2099
2099
2100
2100
2101
2102
2101
2102
2102
2102
2102
2101
2102
2101
2101
2101
2102
2101
2102
2103
2103
2103
2104
2104
2104
2105
2105
2106
2105
2107
2107
2107
2108
2109
2110
2111
2113
2113
2113
2114
2115
2115
2116
2117
2118
2120
2123
2123
2126
2130
2132
2132
2135
2136
2139
2141
2144
2148
2153
2156
2162
2168
2173
2179
2185
2188
2192
2195
2201
2208
2216
2227
2239
2253
2267
2285
2306
2335
2357
2377
2395
2417
2438
2468
2507
2546
2593
2644
2693
2755
2799
2848
2871
2870
2864
2855
2841
2818
2781
2735
2691
2623
2568
2506
2451
2395
2359
2334
2319
2308
2299
2276
2260
2243
2227
2214
2204
2194
2185
2175
2168
2164
2162
2161
2157
2153
2151
2147
2143
2139
2137
2133
2131
2128
2126
2125
2124
2123
2121
2121
2120
2119
2117
2116
2114
2113
2112
2111
2111
2110
2109
2109
2108
2108
2107
2107
2107
2106
2105
2104
2104
2103
2102
2102
2102
2102
2101
2101
2100
2101
2099
2100
2099
2099
2099
2098
2099
2098
2098
2098
2097
2097
2098
2097
2097
2097
2096
2096
2096
2096
2095
2095
2096
2096
2095
2095
2095
2095
2095
2095
2094
2094
2094
2094
2094
2094
2093
2094
2094
2094
2093
2093
2093
2093
2093
2093
2093
2093
2093
2093
2092
2092
2092
2092
2092
2092
2092
2091
2092
2092
2092
2092
2092
2093
2092
2092
2091
2091
2092
2092
2092
2091
2092
2092
2091
2091
2091
2091
2091
2092
2091
2091
2090
2091
2091
2090
2090
2091
2091
2090
2090
2091
2090
2090
2091
2091
2091
2091
2090
2090
2091
2091
2090
2090
2090
2090
2090
2090
2090
2090
2090
2091
2090
2090
2090
2090
2090
2091
2090
2090
2090
2090
2090
2090
2090
2090
2090
2090
2090
2090
2089
2090
2090
2090
2090
2090
2090
2089
2090
2090
2089
2090
2089
2089
2090
2089
2090
2090
2090
2090
2090
2090
2090
2090
2090
2090
2090
2089
2089
2090
2090
2090
2089
2089
2090
2090
2090
2089
2090
2089
2090
2090
2089
2090
2089
2089
2090
2090
2089
2089
2089
2090
2089
2090
2090
2089
2090
2091
