2254
2254
2254
2254
2254
2254
2253
2254
2255
2254
2254
2254
2255
2255
2255
2255
2255
2255
2255
2256
2255
2256
2255
2256
2257
2256
2255
2255
2256
2256
2256
2256
2257
2257
2257
2257
2257
2257
2258
2258
2257
2258
2257
2258
2258
2258
2258
2258
2259
2258
2259
2258
2259
2259
2259
2259
2259
2259
2259
2260
2259
2259
2260
2260
2260
2260
2260
2260
2260
2261
2260
2260
2261
2261
2261
2261
2263
2262
2262
2262
2262
2262
2263
2262
2263
2263
2263
2263
2263
2263
2263
2264
2264
2264
2264
2265
2265
2265
2266
2266
2266
2266
2266
2266
2267
2267
2267
2268
2268
2267
2268
2268
2269
2269
2269
2269
2269
2269
2269
2270
2270
2270
2270
2271
2271
2271
2271
2270
2271
2271
2272
2271
2272
2272
2272
2272
2272
2273
2273
2273
2273
2274
2274
2274
2276
2275
2274
2275
2275
2275
2276
2275
2276
2277
2277
2277
2277
2278
2277
2278
2279
2280
2278
2279
2279
2281
2280
2282
2281
2282
2282
2282
2283
2284
2284
2285
2284
2285
2286
2286
2286
2288
2288
2288
2288
2289
2290
2290
2290
2292
2293
2293
2293
2294
2294
2295
2295
2296
2296
2297
2297
2298
2298
2299
2299
2300
2301
2301
2301
2302
2302
2304
2304
2305
2305
2306
2306
2307
2307
2308
2308
2309
2309
2310
2311
2312
2312
2312
2313
2314
2314
2314
2316
2316
2317
2317
2318
2319
2319
2320
2320
2321
2321
2322
2323
2323
2323
2325
2324
2325
2325
2325
2326
2326
2328
2328
2328
2329
2329
2329
2329
2330
2330
2330
2331
2332
2331
2332
2332
2332
2332
2333
2333
2333
2335
2334
2335
2335
2335
2335
2336
2336
2336
2337
2337
2338
2338
2339
2339
2340
2340
2339
2341
2342
2342
2343
2343
2343
2344
2344
2345
2345
2346
2347
2348
2348
2349
2349
2352
2351
2352
2353
2353
2354
2356
2357
2357
2358
2359
2361
2361
2362
2363
2364
2365
2366
2367
2368
2370
2371
2371
2373
2374
2375
2376
2378
2379
2381
2381
2383
2384
2386
2387
2388
2389
2390
2392
2393
2394
2396
2397
2399
2401
2402
2404
2405
2407
2409
2410
2412
2414
2416
2418
2420
2422
2423
2425
2428
2430
2432
2434
2436
2438
2440
2442
2444
2446
2450
2452
2453
2457
2459
2461
2463
2466
2468
2469
2471
2474
2478
2479
2482
2483
2486
2488
2491
2491
2492
2494
2496
2499
2501
2500
2505
2501
2504
2505
2508
2509
2511
2516
2515
2514
2516
2518
2519
2521
2525
2524
2525
2528
2529
2531
2535
2536
2534
2539
2541
2540
2543
2547
2547
2551
2552
2553
2558
2558
2561
2562
2565
2568
2571
2575
2577
2581
2583
2587
2587
2591
2594
2598
2602
2605
2609
2613
2615
2620
2624
2628
2632
2632
2640
2642
2645
2652
2656
2659
2662
2667
2672
2677
2679
2684
2689
2691
2696
2702
2707
2710
2714
2718
2722
2728
2731
2736
2742
2745
2748
2755
2759
2762
2769
2771
2776
2780
2786
2789
2795
2799
2806
2811
2816
2819
2824
2833
2833
2840
2844
2851
2856
2859
2865
2870
2874
2879
2883
2888
2894
2893
2901
2907
2910
2911
2916
2918
2923
2924
2926
2929
2931
2931
2934
2934
2937
2936
2938
2939
2940
2940
2940
2940
2940
2941
2941
2940
2941
2941
2940
2941
2940
2940
2940
2940
2939
2938
2939
2937
2937
2936
2937
2935
2934
2933
2931
2931
2929
2931
2928
2926
2927
2924
2922
2920
2919
2920
2918
2914
2913
2911
2909
2906
2904
2902
2899
2897
2895
2890
2887
2886
2883
2879
2875
2871
2869
2864
2860
2856
2851
2847
2843
2838
2832
2829
2826
2820
2815
2809
2805
2799
2794
2787
2785
2779
2775
2766
2761
2759
2752
2746
2744
2736
2731
2725
2719
2714
2706
2702
2698
2691
2684
2682
2675
2669
2664
2660
2650
2646
2643
2637
2629
2622
2620
2611
2609
2600
2598
2591
2587
2583
2577
2573
2568
2561
2558
2552
2548
2545
2538
2534
2530
2525
2522
2516
2514
2507
2506
2502
2497
2494
2490
2489
2486
2483
2479
2476
2476
2474
2471
2469
2467
2464
2463
2460
2461
2459
2460
2455
2455
2452
2451
2450
2449
2447
2447
2446
2443
2441
2442
2440
2439
2436
2437
2436
2436
2431
2431
2429
2429
2427
2426
2424
2422
2422
2420
2422
2419
2417
2418
2414
2412
2411
2409
2409
2407
2405
2404
2402
2401
2400
2398
2396
2394
2392
2391
2390
2387
2386
2385
2383
2381
2380
2378
2377
2374
2372
2372
2370
2368
2367
2366
2364
2363
2362
2360
2359
2357
2357
2355
2354
2353
2352
2350
2349
2348
2346
2345
2344
2343
2342
2341
2340
2338
2338
2337
2336
2335
2333
2333
2331
2330
2330
2328
2328
2327
2325
2325
2323
2323
2323
2321
2320
2320
2319
2318
2317
2317
2315
2315
2314
2314
2313
2312
2311
2311
2310
2309
2309
2309
2307
2307
2307
2306
2306
2306
2304
2304
2304
2303
2303
2303
2302
2302
2302
2301
2301
2301
2301
2300
2300
2300
2299
2300
2299
2300
2299
2299
2299
2298
2298
2298
2298
2297
2297
2296
2297
2296
2296
2296
2296
2296
2295
2295
2295
2294
2294
2294
2294
2294
2294
2293
2294
2293
2293
2292
2293
2292
2292
2292
2291
2292
2291
2291
2291
2290
2290
2290
2290
2289
2289
2289
2288
2288
2288
2288
2287
2287
2288
2287
2286
2286
2285
2285
2285
2285
2285
2285
2284
2284
2284
2283
2283
2283
2283
2282
2283
2282
2282
2281
2281
2281
2281
2280
2280
2280
2279
2279
2279
2279
2279
2278
2278
2278
2277
2277
2277
2277
2276
2276
2276
2276
2275
2274
2275
2274
2275
2274
2274
2274
2274
2273
2272
2272
2272
2272
2272
2271
2271
2271
2271
2270
2270
2270
2270
2270
2270
2269
2269
2269
2268
2268
2269
2268
2269
2268
2268
2267
2268
2268
2268
2268
2267
2267
2267
2267
2267
2267
2267
2266
2266
2266
2266
2266
2267
2266
2266
2266
2266
2266
2265
2265
2265
2265
2265
2265
2265
2264
2264
2264
2265
2265
2264
2264
