2782
2790
2785
2785
2787
2790
2795
2791
2797
2798
2800
2802
2802
2805
2806
2811
2815
2813
2818
2820
2827
2826
2829
2834
2835
2839
2835
2843
2843
2848
2855
2855
2859
2861
2863
2872
2880
2880
2888
2888
2896
2898
2904
2908
2914
2922
2920
2932
2937
2949
2955
2962
2969
2980
2992
2998
3007
3015
3030
3038
3048
3064
3077
3089
3105
3116
3125
3138
3151
3166
3182
3188
3199
3207
3217
3232
3244
3249
3262
3276
3282
3291
3297
3306
3312
3317
3324
3333
3337
3343
3345
3351
3353
3354
3357
3360
3363
3363
3363
3362
3363
3359
3361
3361
3358
3353
3353
3354
3350
3348
3344
3339
3340
3338
3321
3332
3326
3323
3306
3317
3305
3309
3226
3268
3266
3265
3215
3240
3177
3162
3165
3129
3154
3102
3081
3018
3060
3022
2997
2960
2949
2938
2921
2911
2898
2885
2879
2863
2856
2853
2845
2829
2825
2825
2812
2807
2826
2797
2769
2775
2791
2786
2806
2747
2776
2752
2743
2750
2743
2744
2755
2743
2736
2737
2747
2734
2730
2732
2723
2725
2722
2721
2717
2716
2714
2714
2712
2709
2709
2708
2708
2708
2708
2706
2706
2710
2711
2712
2713
2716
2714
2720
2721
2725
2722
2735
2734
2739
2744
2749
2751
2754
2759
2764
2767
2767
2771
2776
2782
2779
2784
2787
2787
2790
2792
2790
2793
2793
2795
2796
2799
2797
2799
2799
2798
2799
2798
2796
2796
2797
2793
2796
2795
2792
2791
2789
2787
2785
2783
2783
2781
2780
2781
2778
2780
2780
2779
2782
2782
2782
2788
2787
2798
2798
2804
2803
2811
2807
2830
2828
2849
2851
2861
2867
2857
2877
2865
2881
2885
2888
2891
2896
2894
2886
2882
2891
2887
2886
2887
2884
2882
2879
2875
2871
2872
2869
2868
2864
2861
2860
2856
2853
2848
2849
2839
2837
2845
2833
2846
2832
2828
2832
2827
2822
2822
2816
2814
2809
2817
2806
2807
2801
2795
2791
2794
2788
2785
2784
2777
2775
2768
2769
2766
2764
2757
2757
2753
2745
2748
2738
2740
2738
2736
2735
2730
2727
2723
2726
2720
2720
2717
2717
2714
2712
2709
2714
2709
2708
2707
2708
2707
2706
2706
2705
2704
2706
2707
2708
2707
2708
2707
2710
2708
2711
2713
2712
2713
2717
2717
2716
2717
2717
2720
2719
2719
2721
2719
2719
2721
2722
2721
2722
2720
2722
2720
2720
2720
2721
2719
2717
2718
2716
