3582
3584
3583
3584
3585
3583
3585
3585
3585
3586
3584
3585
3584
3586
3585
3585
3585
3587
3587
3587
3587
3587
3588
3588
3588
3587
3587
3587
3587
3591
3587
3587
3588
3588
3588
3588
3588
3588
3589
3588
3587
3589
3588
3588
3589
3589
3590
3590
3589
3589
3588
3588
3589
3588
3590
3590
3589
3590
3589
3590
3590
3589
3590
3590
3588
3589
3590
3590
3590
3590
3590
3589
3590
3591
3591
3589
3591
3590
3590
3590
3590
3589
3591
3590
3590
3591
3589
3590
3589
3591
3591
3589
3589
3591
3590
3590
3591
3589
3591
3590
3590
3589
3590
3590
3591
3591
3590
3591
3590
3591
3591
3590
3590
3591
3590
3591
3593
3591
3591
3589
3589
3592
3593
3593
3593
3592
3593
3593
3593
3593
3593
3593
3592
3595
3593
3594
3593
3594
3593
3594
3595
3593
3596
3596
3595
3596
3595
3595
3597
3595
3596
3596
3596
3597
3596
3595
3597
3597
3596
3598
3597
3596
3598
3597
3596
3597
3596
3597
3598
3596
3597
3596
3595
3598
3596
3595
3597
3596
3596
3597
3594
3595
3596
3593
3596
3596
3595
3597
3594
3595
3595
3594
3595
3594
3595
3596
3596
3596
3596
3595
3596
3595
3598
3596
3596
3598
3596
3599
3599
3598
3599
3597
3598
3599
3599
3599
3600
3598
3601
3601
3601
3602
3603
3602
3603
3603
3602
3603
3603
3603
3603
3604
3603
3605
3604
3604
3605
3604
3604
3605
3605
3603
3605
3604
3606
3606
3607
3607
3609
3607
3610
3607
3610
3614
3611
3620
3619
3620
3614
3615
3619
3618
3624
3616
3625
3628
3623
3629
3619
3624
3632
3631
3629
3629
3637
3631
3629
3638
3636
3638
3640
3649
3639
3641
3644
3642
3642
3652
3645
3651
3651
3653
3661
3652
3649
3662
3661
3664
3671
3665
3662
3672
3671
3666
3675
3672
3672
3678
3680
3681
3679
3677
3683
3685
3685
3690
3687
3687
3687
3686
3687
3690
3691
3689
3693
3693
3691
3688
3691
3694
3693
3696
3698
3694
3698
3694
3697
3700
3696
3699
3698
3685
3697
3693
3695
3693
3689
3698
3690
3693
3678
3670
3687
3680
3667
3680
3689
3645
3657
3645
3645
3653
3642
3661
3641
3631
3649
3642
3628
3628
3638
3624
3634
3630
3628
3619
3625
3611
3620
3621
3610
3617
3615
3614
3617
3618
3615
3618
3621
3616
3618
3619
3618
3619
3617
3619
3620
3622
3617
3622
3621
3624
3623
3622
3621
3626
3619
3625
3623
3627
3624
3626
3627
3627
3624
3627
3625
3629
3628
3624
3627
3626
3624
3628
3625
3626
3627
3624
3626
3627
3626
3623
3624
3624
3626
3627
3626
3626
3623
3626
3626
3625
3625
3621
3620
3622
3620
3620
3621
3620
3616
3619
3621
3618
3619
3620
3619
3620
3617
3613
3614
3611
3611
3612
3609
3609
3610
3608
3610
3609
3609
3612
3608
3608
3611
3607
3609
3612
3606
3607
3606
3605
3606
3607
3605
3607
3606
3606
3608
3604
3604
3605
3604
3607
3606
3605
3607
3606
3605
3606
3605
3606
3606
3607
3606
3606
3606
3607
3605
3605
3606
3606
3608
3607
3606
3607
3606
3606
3606
3606
3607
3606
3607
3606
3606
3607
3604
3606
3606
3605
3606
3605
3607
3608
3608
3608
3607
3606
3607
3608
3607
3608
3607
3607
3608
3607
3607
3606
3606
3607
3607
3605
3607
3608
3606
3607
3608
3605
3605
3606
3604
3605
3605
3606
3607
3607
3605
3605
3604
3605
3606
3606
3605
3604
3604
3605
3605
3606
3605
3605
3604
3606
3604
3605
3605
3603
3605
3605
3604
3604
3605
3603
3606
3604
3605
3605
3602
3605
3604
3604
3604
3605
3603
3605
3604
3604
3606
3604
3604
3606
3604
3606
3605
3604
3606
3605
3604
3605
3605
3605
3606
3606
3606
3606
3605
3607
3606
3605
3606
3606
3606
3606
3605
3606
3606
3606
3605
3607
3605
3606
3606
3605
3606
3605
3606
3605
3605
3606
3605
3605
3605
3605
3605
3605
3605
3605
3605
3606
3605
3605
3605
3606
3607
3605
3605
3607
3607
3607
3606
3606
3608
3606
3606
3608
3607
3607
3607
3607
3607
3607
3606
3608
3607
3606
3608
3607
3608
3607
3607
3607
3606
3608
3607
3609
3608
3608
3609
3609
3608
3608
3608
3609
3608
3608
3607
3608
3610
3609
3609
3609
3609
3609
3609
3611
3610
3608
3610
3608
3610
3610
3609
3610
3610
3611
3610
3607
3609
3609
3609
3608
3610
3608
3609
3609
3607
3609
3608
3608
3610
3608
3608
3609
3609
3608
3608
3607
3608
3607
3608
3608
3609
3608
3608
3608
3607
3608
3608
3606
3609
3608
3607
3608
3608
3607
3608
3610
3608
3610
3608
3609
3610
3607
3609
3608
3609
3608
3609
3609
3609
3610
3609
3609
3609
3610
3609
3609
3610
3611
3609
3610
3610
3608
3610
3610
3609
3609
3609
3609
3609
3608
3611
3609
3609
3609
3610
3609
3610
3609
3609
3610
3609
3609
3610
3609
3609
3609
3610
3609
3609
3610
3610
3609
3610
3611
3610
3610
3610
3611
3609
3612
3611
3611
3610
3610
3610
3611
3610
3609
3610
3611
3610
3612
3611
3611
3611
3612
3611
3611
3611
3610
3611
3611
3611
3610
3612
3612
3612
3611
3611
3612
3611
3610
3611
3613
3612
3611
3612
3612
3611
3612
3611
3611
3613
3612
3611
3614
3612
3612
3612
3611
3611
3612
3612
3611
3612
3612
3612
3613
3612
3613
3613
3610
3612
3612
3612
3613
3612
3612
3613
3611
3613
3613
3611
3612
3612
3612
3613
3612
3611
3613
3613
3612
3613
3613
3611
3612
3613
3611
3612
3611
3612
3613
3612
3612
3613
3611
3610
3612
3612
3611
3613
3611
3611
3611
3611
3610
3611
3611
3609
3611
3613
3611
3610
3611
3611
3611
3612
3610
3611
3612
3611
3611
3612
3611
3612
3611
3610
3612
3612
3612
3612
3612
3612
3612
3612
3611
3612
3612
3611
3612
3611
3611
3611
3612
3612
3612
3612
3612
3610
3613
3612
3613
3612
3612
3611
3612
3612
3611
3612
3612
3611
3611
3612
3611
3612
3612
3611
3612
3612
3612
3611
3612
