2650
2664
2651
2656
2656
2651
2657
2655
2655
2666
2676
2657
2691
2648
2659
2672
2655
2655
2663
2669
2657
2657
2654
2640
2641
2670
2674
2658
2661
2671
2665
2665
2648
2653
2647
2676
2651
2641
2659
2661
2666
2652
2657
2653
2652
2652
2649
2653
2652
2649
2637
2645
2650
2648
2644
2643
2644
2648
2631
2637
2632
2631
2631
2628
2629
2626
2624
2618
2622
2626
2624
2622
2622
2624
2623
2626
2626
2630
2629
2634
2637
2642
2643
2649
2645
2651
2675
2667
2681
2685
2693
2702
2719
2715
2716
2746
2731
2741
2755
2776
2797
2760
2778
2825
2796
2796
2806
2804
2839
2760
2830
2869
2850
2837
2883
2816
2815
2803
2810
2829
2836
2855
2793
2755
2773
2801
2798
2764
2790
2784
2711
2745
2728
2733
2748
2746
2755
2731
2719
2723
2719
2719
2722
2723
2719
2724
2724
2717
2725
2725
2721
2723
2725
2724
2723
2723
2724
2729
2723
2726
2729
2722
2725
2735
2723
2729
2736
2731
2730
2728
2731
2729
2738
2725
2723
2722
2713
2723
2718
2719
2714
2710
2710
2704
2699
2687
2693
2688
2672
2681
2678
2669
2666
2661
2656
2646
2643
2630
2632
2623
2616
2614
2609
2601
2599
2594
2590
2584
2582
2579
2578
2577
2578
2578
2578
2580
2583
2588
2596
2595
2603
2600
2619
2615
2617
2624
2647
2636
2641
2646
2643
2653
2658
2666
2667
2673
2674
2663
2674
2676
2669
2669
2668
2665
2657
2634
2660
2650
2650
2640
2620
2622
2636
2621
2606
2600
2599
2600
2601
2596
2594
2590
2588
2586
2596
2585
2588
2589
2588
2585
2586
2607
2606
2594
2609
2605
2604
2615
2607
2620
2618
2623
2624
2630
2629
2630
2632
2635
2639
2639
2637
2639
2647
2642
2642
2648
2641
2653
2639
2638
2648
2636
2643
2637
2645
2647
2639
2644
2643
2643
2644
2640
2643
2642
2645
2637
2640
2639
2638
2637
2637
2632
2633
2634
2632
2629
2629
2627
2626
2624
2624
2623
2621
2619
2614
2615
2613
2610
2609
2609
2606
2605
2600
2599
2595
2595
2595
2592
2590
2588
2588
2585
2585
2583
2583
2582
2580
2580
2578
2577
2578
2576
2576
2575
2574
2575
2573
2574
2573
2573
2572
2573
2573
2574
2573
2573
2573
2573
2574
2573
2575
2574
2574
2575
2576
2576
2576
2577
2578
2577
2576
2579
2579
2578
2579
2581
2584
2581
2583
2585
2584
2585
