2164
2164
2164
2165
2164
2165
2165
2164
2165
2165
2165
2164
2165
2164
2165
2165
2166
2166
2165
2165
2165
2166
2165
2166
2166
2166
2167
2167
2167
2166
2166
2167
2166
2167
2167
2167
2167
2167
2168
2167
2167
2168
2168
2168
2168
2168
2168
2169
2168
2168
2169
2169
2168
2169
2169
2169
2170
2170
2170
2170
2170
2170
2170
2170
2171
2170
2170
2170
2171
2171
2171
2171
2171
2171
2171
2171
2171
2172
2172
2172
2172
2173
2172
2173
2172
2174
2173
2174
2174
2173
2174
2175
2174
2174
2174
2175
2175
2175
2175
2175
2176
2176
2177
2177
2177
2177
2177
2177
2177
2178
2178
2179
2179
2179
2179
2180
2179
2180
2180
2180
2180
2180
2181
2180
2180
2181
2182
2181
2182
2182
2182
2182
2182
2182
2183
2183
2182
2184
2183
2184
2184
2185
2184
2184
2185
2185
2185
2185
2186
2186
2186
2186
2187
2187
2186
2187
2188
2189
2188
2189
2189
2189
2190
2191
2190
2191
2191
2192
2192
2192
2193
2194
2194
2194
2195
2196
2199
2196
2196
2197
2198
2198
2198
2200
2200
2201
2201
2201
2202
2202
2203
2203
2204
2204
2205
2205
2205
2206
2207
2207
2207
2208
2209
2210
2210
2211
2211
2212
2212
2213
2214
2215
2215
2215
2217
2217
2217
2218
2219
2219
2220
2220
2221
2221
2223
2223
2223
2223
2224
2225
2225
2226
2227
2227
2228
2228
2229
2229
2229
2230
2231
2231
2232
2233
2232
2233
2234
2234
2235
2236
2236
2237
2237
2238
2238
2238
2238
2239
2239
2240
2241
2240
2241
2241
2241
2243
2242
2243
2242
2243
2244
2243
2243
2245
2245
2244
2245
2246
2245
2246
2246
2247
2247
2247
2248
2248
2248
2249
2250
2250
2251
2251
2252
2252
2253
2253
2254
2254
2254
2255
2255
2257
2257
2258
2259
2259
2260
2260
2262
2262
2263
2264
2265
2266
2267
2268
2268
2269
2270
2271
2273
2273
2274
2275
2276
2278
2278
2280
2282
2281
2283
2284
2285
2287
2288
2289
2290
2291
2293
2293
2296
2296
2298
2299
2301
2302
2303
2306
2306
2307
2308
2310
2312
2314
2314
2318
2319
2320
2321
2324
2325
2327
2330
2332
2333
2334
2336
2339
2342
2343
2347
2347
2348
2352
2355
2355
2359
2361
2363
2365
2369
2370
2373
2375
2377
2381
2381
2384
2386
2388
2392
2395
2395
2397
2400
2402
2402
2406
2406
2409
2411
2411
2413
2416
2415
2416
2420
2422
2422
2425
2425
2426
2426
2432
2434
2434
2436
2435
2440
2442
2441
2440
2441
2447
2451
2449
2453
2455
2454
2458
2461
2460
2464
2468
2470
2467
2472
2475
2478
2481
2481
2486
2488
2491
2492
2497
2500
2502
2507
2511
2513
2516
2520
2525
2525
2530
2534
2539
2543
2546
2549
2554
2557
2562
2566
2570
2572
2578
2582
2587
2590
2596
2597
2606
2607
2610
2617
2621
2625
2628
2632
2637
2642
2646
2652
2657
2661
2662
2669
2674
2677
2683
2689
2690
2698
2702
2707
2710
2714
2724
2727
2729
2738
2741
2746
2751
2757
2763
2761
2771
2774
2781
2787
2790
2795
2799
2803
2808
2811
2817
2823
2824
2828
2832
2835
2837
2841
2843
2846
2848
2849
2850
2851
2852
2853
2854
2854
2855
2855
2855
2855
2856
2861
2857
2855
2855
2855
2855
2855
2855
2855
2854
2853
2853
2853
2852
2851
2851
2850
2849
2848
2849
2846
2846
2845
2843
2842
2842
2839
2839
2836
2835
2834
2833
2831
2831
2827
2826
2824
2822
2818
2816
2816
2812
2809
2806
2804
2799
2796
2794
2790
2787
2815
2780
2775
2771
2766
2762
2759
2756
2750
2745
2741
2735
2730
2725
2724
2717
2710
2704
2700
2695
2688
2684
2681
2674
2667
2662
2656
2651
2646
2640
2638
2629
2626
2618
2613
2608
2601
2597
2592
2583
2580
2572
2566
2562
2557
2551
2544
2538
2535
2527
2522
2518
2515
2504
2501
2495
2492
2489
2482
2477
2472
2469
2461
2457
2452
2449
2445
2441
2435
2431
2426
2423
2418
2416
2412
2410
2406
2400
2399
2394
2394
2390
2387
2385
2382
2380
2378
2377
2375
2373
2372
2371
2370
2367
2366
2365
2363
2360
2360
2360
2359
2356
2355
2354
2353
2352
2349
2349
2349
2345
2344
2345
2342
2340
2339
2339
2337
2337
2334
2333
2333
2331
2331
2327
2327
2326
2323
2323
2321
2319
2318
2317
2316
2313
2313
2310
2309
2306
2304
2305
2301
2300
2299
2298
2295
2294
2293
2292
2289
2287
2286
2285
2283
2282
2280
2278
2278
2275
2274
2273
2271
2271
2268
2267
2266
2265
2263
2262
2261
2260
2259
2258
2257
2255
2254
2253
2252
2251
2250
2248
2247
2247
2245
2244
2243
2242
2241
2240
2239
2239
2237
2236
2236
2234
2234
2232
2232
2231
2230
2229
2228
2228
2226
2226
2226
2225
2224
2224
2222
2222
2221
2221
2220
2219
2219
2219
2217
2217
2216
2216
2215
2214
2214
2214
2213
2213
2213
2212
2212
2212
2212
2212
2211
2210
2212
2210
2210
2210
2210
2210
2209
2210
2209
2208
2208
2208
2208
2208
2207
2208
2208
2207
2207
2207
2206
2206
2206
2205
2205
2205
2205
2204
2206
2204
2204
2204
2207
2203
2203
2204
2203
2202
2202
2202
2202
2202
2202
2201
2202
2201
2200
2200
2199
2199
2200
2199
2199
2199
2199
2198
2198
2198
2197
2197
2197
2197
2196
2196
2196
2195
2195
2195
2195
2194
2194
2194
2193
2193
2193
2193
2193
2192
2192
2192
2192
2192
2191
2190
2190
2190
2190
2190
2190
2188
2189
2189
2188
2188
2188
2188
2187
2187
2187
2186
2187
2186
2186
2186
2185
2185
2185
2185
2184
2184
2183
2183
2183
2183
2183
2183
2182
2182
2182
2181
2181
2181
2181
2180
2180
2180
2180
2180
2179
2180
2179
2179
2178
2178
2179
2178
2178
2178
2177
2178
2178
2177
2177
2177
2177
2177
2177
2177
2177
2177
2177
2176
2176
2176
2176
2176
2177
2175
2176
2175
2175
2175
2175
2174
2175
2175
2175
2175
2175
2174
2175
2174
2174
2174
2174
