3596
3597
3597
3597
3596
3597
3595
3597
3597
3598
3596
3598
3598
3597
3599
3597
3597
3597
3597
3597
3598
3598
3596
3596
3597
3598
3598
3596
3598
3598
3596
3598
3598
3596
3598
3597
3596
3599
3597
3597
3599
3597
3598
3598
3596
3597
3598
3597
3599
3597
3597
3598
3597
3598
3598
3597
3597
3599
3598
3598
3599
3598
3598
3598
3599
3599
3599
3599
3598
3599
3599
3598
3600
3599
3599
3599
3599
3600
3600
3601
3601
3600
3600
3600
3600
3600
3601
3600
3601
3601
3600
3602
3601
3604
3603
3604
3603
3604
3601
3601
3604
3603
3604
3605
3601
3602
3599
3605
3603
3604
3603
3603
3603
3604
3603
3603
3603
3603
3604
3605
3603
3605
3603
3603
3605
3605
3603
3605
3605
3605
3604
3606
3605
3605
3606
3605
3605
3604
3605
3604
3605
3606
3605
3604
3606
3605
3605
3607
3605
3606
3606
3606
3606
3606
3606
3606
3607
3607
3606
3605
3608
3606
3607
3606
3606
3606
3607
3607
3607
3605
3607
3607
3606
3607
3607
3606
3608
3606
3607
3608
3607
3607
3608
3608
3607
3608
3608
3608
3607
3608
3608
3608
3608
3609
3607
3609
3607
3608
3611
3611
3609
3611
3610
3611
3612
3612
3611
3613
3615
3615
3615
3616
3612
3614
3613
3616
3622
3618
3618
3618
3613
3618
3621
3616
3617
3619
3621
3623
3624
3622
3624
3622
3623
3620
3625
3622
3624
3621
3622
3622
3619
3620
3623
3618
3619
3619
3616
3615
3615
3611
3612
3612
3615
3611
3616
3615
3613
3614
3612
3614
3612
3613
3613
3613
3614
3616
3614
3617
3614
3618
3617
3617
3615
3616
3616
3620
3630
3622
3624
3619
3625
3625
3631
3635
3630
3630
3628
3628
3640
3640
3639
3646
3646
3641
3643
3644
3652
3651
3649
3653
3653
3655
3658
3660
3666
3663
3665
3666
3670
3668
3675
3675
3676
3675
3678
3679
3679
3681
3681
3681
3682
3682
3679
3683
3680
3679
3680
3683
3685
3681
3685
3674
3676
3679
3677
3678
3681
3681
3675
3681
3673
3681
3682
3667
3681
3682
3680
3675
3669
3679
3679
3671
3675
3680
3677
3664
3669
3663
3671
3671
3667
3671
3669
3656
3662
3652
3651
3657
3652
3652
3652
3641
3639
3642
3640
3631
3630
3634
3625
3630
3622
3621
3623
3618
3620
3619
3617
3620
3616
3616
3614
3615
3616
3614
3611
3612
3612
3610
3615
3611
3611
3612
3609
3610
3613
3610
3610
3609
3610
3609
3610
3611
3610
3608
3610
3609
3609
3611
3609
3610
3607
3609
3608
3610
3608
3609
3609
3609
3610
3609
3609
3609
3609
3610
3607
3610
3611
3609
3610
3611
3609
3612
3610
3612
3614
3612
3611
3613
3611
3612
3614
3614
3615
3614
3613
3616
3614
3614
3614
3612
3615
3612
3613
3615
3613
3614
3613
3612
3613
3612
3612
3612
3611
3612
3611
3609
3611
3611
3609
3611
3609
3608
3609
3609
3610
3608
3610
3610
3609
3609
3608
3608
3607
3608
3607
3608
3609
3608
3611
3608
3608
3609
3608
3610
3610
3610
3611
3610
3609
3610
3611
3612
3612
3609
3610
3609
3612
3611
3610
3612
3611
3611
3611
3610
3610
3610
3610
3610
3611
3609
3612
3609
3610
3611
3610
3610
3611
3609
3611
3610
3610
3610
3608
3609
3609
3610
3609
3609
3609
3611
3609
3610
3609
3611
3610
3608
3610
3610
3608
3610
3608
3610
3610
3608
3611
3609
3610
3610
3609
3609
3608
3609
3610
3609
3607
3609
3610
3609
3610
3608
3608
3608
3607
3609
3609
3607
3608
3608
3606
3607
3607
3606
3608
3606
3605
3607
3606
3604
3606
3605
3605
3604
3604
3605
3606
3604
3604
3605
3603
3605
3604
3603
3605
3604
3604
3605
3604
3603
3605
3605
3604
3604
3603
3606
3604
3604
3605
3605
3604
3606
3605
3606
3605
3605
3605
3607
3605
3607
3606
3607
3607
3606
3606
3608
3605
3607
3606
3606
3607
3605
3607
3607
3606
3607
3606
3606
3606
3607
3606
3606
3607
3606
3607
3607
3607
3606
3607
3608
3606
3606
3608
3606
3606
3607
3605
3608
3607
3606
3607
3607
3607
3606
3606
3606
3606
3606
3606
3606
3606
3605
3606
3608
3607
3606
3606
3607
3607
3607
3607
3607
3607
3607
3607
3607
3606
3607
3607
3608
3607
3606
3607
3607
3609
3608
3608
3608
3607
3607
3607
3609
3608
3607
3609
3608
3609
3608
3608
3608
3609
3608
3608
3608
3615
3608
3609
3608
3608
3610
3608
3608
3608
3608
3609
3608
3607
3608
3608
3608
3607
3607
3608
3608
3606
3607
3608
3607
3608
3607
3606
3608
3606
3607
3609
3607
3607
3608
3606
3606
3608
3607
3606
3607
3605
3607
3607
3605
3607
3606
3606
3607
3606
3607
3607
3606
3608
3607
3606
3608
3607
3606
3607
3607
3606
3607
3607
3606
3608
3608
3606
3608
3608
3606
3608
3608
3606
3607
3608
3606
3607
3608
3606
3607
3607
3607
3607
3607
3607
3608
3607
3607
3608
3608
3607
3607
3607
3607
3608
3607
3607
3607
3608
3607
3606
3606
3607
3606
3606
3608
3606
3606
3608
3606
3606
3607
3607
3606
3608
3607
3608
3606
3606
3607
3606
3606
3607
3607
3608
3606
3606
3607
3608
3605
3608
3607
3606
3607
3608
3606
3607
3608
3607
3607
3608
3608
3607
3607
3607
3607
3607
3607
3608
3608
3607
3608
3606
3607
3607
3607
3606
3608
3607
3606
3607
3607
3606
3608
3607
3607
3608
3608
3607
3607
3608
3607
3607
3608
3607
3607
3608
3606
3608
3607
3606
3608
3607
3607
3608
3607
3607
3608
3607
3606
3607
3607
3610
3606
3607
3608
3608
3606
3607
3608
3606
3607
3607
3606
3607
3607
3607
3608
3608
3606
3606
3607
3607
3606
3608
3607
3606
3607
3607
3607
3607
3606
3605
3607
3607
3606
3607
3607
3606
3607
3607
3605
3607
3607
3606
3607
3608
3608
3606
3608
3608
3606
3607
3608
3607
3607
3608
3607
3607
3607
3608
3607
3608
3607
3607
3606
3607
3608
3607
3608
3608
3607
3608
3609
3607
3607
3608
3608
3606
3608
