3801
3801
3805
3803
3802
3803
3803
3804
3803
3803
3803
3803
3802
3803
3804
3803
3803
3803
3803
3804
3804
3804
3802
3803
3804
3804
3803
3803
3804
3803
3801
3803
3802
3803
3804
3803
3803
3803
3802
3803
3802
3801
3803
3803
3803
3803
3801
3802
3802
3802
3801
3801
3802
3802
3801
3801
3801
3801
3802
3801
3800
3802
3801
3801
3802
3801
3802
3801
3801
3801
3800
3801
3801
3801
3801
3801
3801
3801
3800
3801
3800
3800
3801
3801
3800
3800
3800
3801
3801
3801
3801
3802
3802
3800
3802
3802
3802
3803
3803
3803
3803
3804
3804
3803
3804
3804
3804
3804
3807
3804
3805
3804
3805
3805
3805
3806
3806
3805
3806
3806
3806
3806
3807
3807
3807
3807
3807
3807
3807
3806
3806
3808
3809
3808
3808
3808
3808
3809
3809
3810
3808
3810
3809
3809
3808
3811
3810
3810
3810
3810
3809
3810
3811
3812
3811
3809
3810
3810
3809
3810
3813
3811
3812
3810
3811
3814
3812
3814
3813
3815
3813
3814
3813
3813
3812
3815
3816
3815
3814
3816
3814
3815
3816
3818
3818
3817
3815
3818
3816
3817
3817
3818
3818
3819
3818
3818
3819
3819
3819
3819
3819
3819
3819
3819
3819
3820
3820
3819
3822
3824
3822
3821
3822
3823
3823
3822
3822
3822
3819
3824
3825
3827
3821
3824
3817
3819
3819
3823
3834
3826
3837
3839
3832
3827
3848
3844
3830
3835
3844
3844
3827
3850
3831
3843
3855
3843
3839
3841
3847
3851
3845
3837
3827
3864
3848
3844
3841
3847
3841
3841
3831
3861
3854
3845
3851
3846
3852
3838
3851
3842
3842
3859
3855
3852
3850
3856
3842
3839
3840
3861
3858
3848
3870
3843
3857
3853
3857
3863
3852
3860
3852
3864
3854
3855
3854
3855
3846
3873
3859
3857
3860
3870
3859
3868
3859
3859
3868
3861
3854
3857
3855
3859
3858
3860
3853
3860
3863
3851
3864
3856
3854
3857
3855
3856
3856
3854
3857
3857
3850
3852
3856
3857
3857
3858
3857
3858
3859
3856
3859
3854
3856
3860
3856
3859
3853
3847
3861
3862
3855
3858
3858
3857
3859
3859
3861
3849
3848
3859
3855
3844
3858
3851
3855
3838
3849
3847
3845
3843
3843
3844
3829
3840
3824
3837
3827
3837
3828
3835
3828
3823
3826
3826
3817
3818
3823
3816
3821
3819
3815
3816
3819
3819
3817
3815
3816
3816
3814
3814
3815
3814
3813
3815
3813
3815
3815
3813
3814
3814
3814
3814
3814
3813
3814
3814
3814
3814
3812
3813
3814
3814
3814
3814
3814
3814
3814
3814
3813
3813
3814
3816
3812
3815
3813
3814
3814
3814
3815
3813
3814
3816
3815
3815
3816
3815
3815
3817
3816
3815
3818
3816
3815
3817
3817
3815
3818
3817
3815
3816
3816
3816
3816
3815
3814
3812
3812
3813
3810
3812
3815
3813
3815
3813
3815
3812
3815
3810
3811
3816
3813
3813
3813
3811
3814
3811
3812
3813
3811
3813
3816
3814
3813
3811
3811
3811
3812
3811
3810
3810
3809
3812
3809
3812
3810
3813
3810
3814
3813
3811
3812
3812
3811
3810
3810
3811
3812
3811
3811
3811
3811
3811
3811
3811
3811
3811
3812
3813
3813
3812
3812
3814
3814
3814
3813
3813
3814
3814
3813
3815
3814
3815
3816
3816
3815
3815
3815
3814
3815
3815
3815
3815
3816
3815
3815
3815
3814
3815
3816
3815
3814
3814
3814
3815
3815
3814
3814
3815
3813
3815
3815
3812
3813
3814
3813
3811
3815
3813
3812
3813
3811
3813
3812
3810
3812
3811
3811
3812
3812
3811
3810
3808
3810
3811
3808
3812
3810
3808
3810
3808
3808
3808
3807
3809
3808
3807
3807
3808
3807
3807
3808
3808
3807
3807
3807
3807
3806
3805
3808
3806
3806
3806
3805
3807
3806
3807
3806
3805
3806
3806
3806
3806
3805
3805
3805
3804
3805
3805
3805
3805
3805
3805
3804
3804
3804
3805
3804
3804
3804
3804
3803
3804
3803
3804
3804
3804
3804
3805
3804
3805
3805
3805
3805
3806
3805
3805
3805
3805
3805
3805
3805
3805
3805
3806
3805
3805
3806
3805
3806
3805
3805
3805
3806
3805
3806
3806
3805
3805
3805
3806
3806
3806
3806
3807
3805
3806
3805
3806
3806
3805
3805
3806
3806
3805
3805
3806
3806
3805
3807
3806
3806
3805
3805
3806
3806
3805
3804
3806
3806
3806
3805
3805
3806
3806
3805
3806
3806
3805
3806
3805
3805
3806
3805
3805
3806
3804
3806
3807
3805
3805
3805
3805
3806
3806
3805
3807
3805
3806
3806
3805
3805
3806
3806
3806
3807
3806
3806
3805
3806
3805
3807
3806
3806
3807
3806
3806
3807
3806
3807
3807
3806
3807
3806
3806
3807
3807
3806
3807
3807
3806
3807
3806
3806
3807
3806
3807
3806
3805
3807
3806
3805
3806
3806
3805
3806
3805
3804
3806
3805
3805
3805
3806
3806
3805
3805
3805
3805
3805
3806
3805
3804
3805
3805
3805
3806
3805
3805
3806
3805
3805
3805
3805
3805
3806
3805
3804
3805
3805
3806
3805
3805
3805
3805
3805
3806
3806
3805
3805
3806
3805
3805
3806
3806
3806
3806
3806
3805
3806
3805
3807
3807
3807
3806
3806
3806
3807
3806
3806
3806
3807
3806
3805
3806
3806
3806
3805
3807
3807
3807
3806
3806
3806
3806
3806
3806
3807
3806
3805
3805
3807
3806
3807
3806
3806
3806
3806
3806
3807
3806
3806
3806
3806
3806
3806
3807
3805
3806
3807
3806
3806
3806
3806
3807
3807
3806
3807
3806
3807
3807
3806
3808
3806
3806
3806
3808
3806
3807
3807
3806
3806
3806
3806
3806
3806
3805
3806
3807
3806
3806
3806
3805
3805
3807
3806
3806
3806
3805
3805
3806
3806
3806
3807
3806
3806
3806
3807
3806
3807
3806
3806
3806
3807
3806
3806
3806
3805
3807
3806
3806
3807
3807
3807
3807
3807
3807
3806
3806
3806
3806
3807
3807
3806
3806
3806
3806
3807
3807
3806
3807
3806
3806
3807
3806
3805
3807
3806
3806
3806
3806
3806
3806
3807
3806
3808
3807
3806
3807
3807
3806
3806
3807
3807
3807
