3866
3866
3866
3867
3867
3866
3867
3867
3867
3867
3867
3867
3866
3867
3867
3867
3867
3867
3867
3867
3867
3867
3868
3867
3868
3867
3867
3868
3868
3868
3868
3868
3868
3870
3869
3869
3869
3869
3870
3869
3869
3870
3869
3869
3869
3870
3869
3869
3869
3869
3871
3869
3870
3870
3870
3870
3871
3870
3871
3870
3870
3871
3870
3870
3870
3870
3870
3871
3871
3871
3871
3871
3872
3871
3871
3872
3872
3872
3872
3871
3872
3872
3873
3873
3873
3873
3873
3873
3873
3874
3873
3872
3873
3874
3874
3873
3874
3873
3874
3873
3875
3874
3874
3875
3873
3876
3876
3877
3876
3876
3879
3876
3876
3878
3878
3877
3878
3879
3879
3878
3880
3880
3881
3878
3879
3881
3880
3881
3880
3881
3881
3881
3881
3880
3882
3882
3882
3882
3883
3882
3882
3882
3882
3883
3882
3884
3883
3881
3884
3884
3884
3882
3883
3882
3880
3883
3883
3884
3881
3879
3880
3882
3880
3883
3882
3880
3880
3881
3878
3877
3876
3879
3880
3877
3879
3879
3877
3879
3877
3879
3878
3875
3877
3876
3876
3878
3877
3877
3877
3875
3875
3876
3877
3877
3878
3875
3876
3877
3877
3878
3877
3877
3879
3877
3877
3879
3878
3879
3879
3879
3879
3879
3879
3879
3880
3880
3880
3880
3880
3881
3880
3881
3882
3881
3883
3883
3883
3883
3884
3884
3884
3884
3886
3887
3887
3887
3889
3889
3892
3890
3891
3895
3893
3895
3899
3896
3896
3899
3900
3905
3904
3905
3902
3902
3905
3912
3911
3908
3908
3908
3904
3911
3911
3908
3910
3911
3906
3907
3926
3909
3909
3909
3917
3918
3913
3920
3920
3916
3911
3911
3922
3926
3916
3919
3917
3922
3924
3918
3931
3929
3925
3927
3928
3928
3925
3929
3932
3931
3925
3926
3927
3942
3937
3949
3943
3929
3930
3934
3939
3947
3946
3953
3954
3932
3935
3948
3958
3970
3959
3953
3955
3955
3959
3975
3959
3961
3970
3960
3975
3969
3972
3970
3976
3976
3972
3952
3951
3970
3970
3964
3963
3965
3958
3950
3949
3948
3943
3952
3942
3946
3936
3932
3939
3934
3931
3921
3925
3928
3916
3919
3913
3912
3911
3908
3902
3904
3900
3900
3903
3895
3897
3899
3897
3903
3897
3903
3906
3894
3904
3901
3901
3912
3909
3911
3914
3912
3917
3919
3911
3913
3920
3915
3925
3923
3922
3923
3922
3926
3929
3922
3927
3928
3927
3924
3928
3928
3926
3927
3926
3929
3929
3928
3931
3927
3934
3929
3931
3929
3930
3930
3927
3929
3931
3932
3932
3933
3933
3932
3935
3929
3928
3934
3930
3932
3929
3931
3930
3923
3926
3926
3925
3924
3924
3923
3930
3928
3924
3917
3927
3913
3919
3919
3913
3915
3917
3919
3916
3909
3917
3907
3910
3915
3909
3909
3912
3906
3906
3908
3901
3904
3902
3902
3901
3898
3904
3901
3895
3893
3893
3891
3897
3892
3896
3896
3893
3894
3892
3890
3888
3891
3892
3888
3887
3887
3887
3885
3885
3888
3888
3886
3885
3884
3885
3885
3886
3886
3885
3885
3884
3885
3885
3885
3885
3885
3884
3884
3885
3884
3884
3885
3884
3884
3885
3884
3884
3884
3884
3884
3884
3884
3884
3884
3883
3884
3885
3884
3884
3883
3883
3884
3883
3882
3883
3883
3883
3882
3883
3882
3881
3882
3882
3883
3883
3883
3882
3882
3881
3882
3882
3882
3881
3882
3882
3881
3882
3882
3881
3882
3881
3882
3881
3881
3882
3881
3881
3881
3882
3881
3882
3882
3881
3882
3882
3882
3882
3883
3883
3882
3883
3884
3883
3883
3884
3884
3884
3883
3884
3884
3884
3884
3884
3884
3885
3885
3884
3885
3883
3884
3884
3884
3885
3885
3884
3885
3884
3884
3885
3884
3885
3883
3882
3883
3882
3883
3883
3882
3884
3883
3882
3882
3881
3881
3882
3880
3882
3881
3881
3882
3881
3882
3882
3882
3881
3881
3881
3882
3882
3882
3881
3882
3881
3881
3881
3881
3881
3881
3881
3881
3882
3881
3881
3881
3882
3882
3881
3882
3882
3881
3883
3881
3883
3883
3883
3883
3884
3883
3882
3883
3883
3883
3884
3883
3884
3882
3883
3883
3883
3883
3883
3883
3882
3884
3884
3884
3884
3884
3884
3884
3883
3884
3883
3884
3884
3883
3884
3884
3884
3884
3884
3883
3884
3884
3884
3883
3884
3884
3884
3884
3884
3883
3884
3884
3883
3883
3883
3883
3884
3883
3884
3884
3883
3883
3883
3884
3883
3883
3883
3883
3884
3884
3884
3883
3884
3884
3884
3883
3883
3883
3883
3883
3883
3884
3884
3884
3884
3883
3883
3884
3884
3884
3885
3884
3885
3884
3883
3884
3883
3884
3884
3883
3885
3885
3884
3883
3883
3884
3884
3884
3883
3884
3884
3884
3884
3883
3885
3884
3883
3884
3884
3883
3884
3884
3884
3884
3884
3884
3884
3883
3884
3885
3884
3884
3884
3884
3884
3883
3883
3884
3884
3883
3884
3884
3884
3884
3884
3884
3884
3884
3884
3884
3884
3885
3884
3885
3885
3885
3884
3884
3884
3884
3884
3885
3885
3885
3885
3884
3885
3885
3885
3885
3885
3885
3885
3886
3884
3885
3885
3885
3885
3886
3885
3885
3885
3885
3885
3886
3885
3885
3885
3885
3886
3886
3886
3886
3886
3886
3885
3886
3885
3886
3886
3885
3886
3885
3886
3885
3885
3886
3885
3886
3885
3885
3885
3885
3886
3886
3885
3885
3886
3885
3885
3886
3885
3885
3885
3885
3886
3885
3885
3885
3885
3884
3885
3885
3885
3885
3885
3884
3885
3885
3885
3885
3883
3884
3885
3884
3884
3885
3884
3885
3884
3884
3884
3884
3884
3884
3884
3884
3884
3884
3884
3884
3883
3884
3884
3884
3884
3884
3884
3885
3884
3883
3884
3884
3884
3884
3884
3884
3884
3885
3884
3885
3885
3884
3885
3884
3885
3884
3884
3884
3884
3884
3884
3885
3885
3884
3884
3884
3884
3884
3885
3884
3885
3884
3885
3885
3885
3885
3885
3885
3885
3885
3885
3885
3885
3885
3885
3885
3885
3884
3885
3885
3885
3885
3885
3885
3885
3885
3885
3885
3885
3885
