2750
2748
2746
2750
2753
2755
2753
2758
2755
2755
2759
2763
2752
2760
2751
2763
2755
2762
2762
2759
2772
2761
2769
2774
2771
2773
2767
2763
2762
2772
2770
2787
2767
2766
2774
2785
2760
2776
2776
2769
2783
2783
2799
2786
2787
2793
2788
2787
2796
2797
2799
2797
2805
2787
2805
2805
2817
2806
2808
2806
2818
2812
2808
2813
2832
2817
2817
2820
2818
2825
2811
2820
2816
2759
2814
2805
2800
2800
2796
2798
2793
2786
2779
2771
2782
2766
2752
2759
2760
2757
2709
2736
2729
2738
2720
2703
2707
2701
2690
2684
2682
2677
2662
2669
2665
2651
2656
2650
2647
2647
2644
2641
2638
2638
2640
2637
2631
2640
2640
2642
2636
2626
2643
2627
2630
2651
2640
2652
2649
2644
2636
2645
2652
2641
2627
2658
2654
2657
2660
2661
2664
2668
2675
2676
2683
2687
2692
2696
2698
2701
2705
2714
2703
2722
2725
2730
2730
2739
2739
2739
2746
2750
2744
2752
2758
2765
2764
2766
2769
2769
2760
2772
2775
2785
2791
2782
2784
2794
2797
2798
2802
2801
2803
2805
2805
2807
2822
2804
2806
2807
2810
2806
2801
2798
2799
2780
2790
2782
2783
2768
2769
2752
2747
2740
2729
2721
2707
2693
2689
2679
2670
2657
2653
2646
2632
2621
2618
2611
2605
2600
2599
2595
2595
2595
2601
2602
2604
2620
2617
2623
2626
2644
2655
2663
2671
2681
2698
2722
2710
2719
2741
2752
2785
2774
2790
2770
2798
2813
2819
2832
2831
2811
2854
2819
2822
2823
2777
2815
2814
2795
2808
2786
2769
2750
2756
2750
2735
2701
2675
2705
2673
2672
2679
2669
2650
2646
2638
2637
2621
2622
2615
2608
2609
2597
2600
2601
2599
2598
2597
2595
2595
2594
2595
2595
2594
2595
2595
2596
2596
2594
2595
2595
2598
2600
2597
2602
2599
2597
2604
2607
2598
2598
2606
2603
2600
2604
2608
2606
2601
2602
2603
2607
2610
2609
2609
2610
2609
2613
2613
2614
2615
2615
2616
2619
2617
2617
2618
2625
2620
2618
2621
2620
2624
2621
2619
2619
2618
2616
2615
2614
2613
2613
2612
2610
2609
2608
2605
2605
2602
2602
2600
2598
2597
2595
2593
2592
2591
2589
2588
2588
2587
2585
2585
2586
2584
2582
2582
2583
2582
2582
2581
2581
2581
2581
2581
2581
2581
2581
2582
2582
2581
2581
2582
2583
2583
2582
2583
2583
2583
2584
2584
