2757
2755
2757
2765
2763
2768
2770
2775
2774
2783
2782
2787
2796
2798
2799
2794
2790
2803
2803
2813
2813
2816
2816
2814
2824
2828
2813
2830
2830
2835
2832
2841
2842
2846
2849
2851
2854
2861
2863
2870
2870
2876
2885
2882
2889
2891
2897
2903
2910
2919
2922
2928
2933
2939
2945
2954
2955
2968
2972
2984
2992
3004
3010
3006
3024
3028
3040
3043
3048
3065
3070
3079
3092
3096
3103
3103
3111
3126
3125
3123
3142
3137
3145
3153
3148
3147
3163
3160
3157
3166
3158
3160
3155
3154
3157
3132
3168
3140
3130
3132
3124
3118
3111
3102
3086
3086
3130
3064
3061
3037
3025
2941
2970
2986
3011
2910
2946
2909
2862
2868
2876
2877
2807
2796
2743
2789
2783
2751
2756
2691
2740
2706
2672
2687
2670
2673
2658
2660
2658
2651
2647
2644
2642
2640
2641
2638
2638
2640
2638
2637
2637
2639
2644
2635
2647
2638
2646
2651
2636
2642
2660
2663
2653
2655
2663
2655
2679
2704
2665
2673
2670
2685
2682
2673
2691
2693
2700
2698
2700
2703
2717
2718
2727
2731
2739
2732
2739
2752
2747
2760
2769
2774
2771
2781
2779
2787
2796
2805
2792
2807
2803
2808
2814
2816
2819
2816
2817
2816
2812
2805
2804
2798
2792
2787
2780
2771
2763
2753
2746
2734
2728
2720
2708
2703
2697
2689
2683
2681
2674
2670
2667
2667
2667
2669
2670
2670
2680
2681
2815
2699
2701
2711
2714
2722
2739
2741
2755
2765
2779
2797
2822
2823
2847
2842
2855
2871
2874
2873
2879
2888
2884
2887
2890
2896
2882
2889
2885
2877
2860
2871
2863
2851
2846
2843
2811
2820
2809
2797
2793
2783
2766
2767
2759
2748
2742
2738
2727
2725
2723
2719
2710
2705
2705
2704
2698
2686
2689
2690
2694
2680
2680
2683
2671
2668
2675
2669
2663
2667
2653
2676
2659
2657
2657
2655
2655
2651
2648
2648
2640
2649
2643
2641
2640
2642
2639
2638
2640
2632
2634
2632
2631
2631
2629
2630
2629
2627
2628
2628
2628
2627
2627
2628
2628
2628
2626
2628
2628
2628
2628
2628
2628
2629
2629
2629
2631
2630
2631
2632
2630
2632
2633
2632
2632
2633
2633
2632
2633
2633
2633
2633
2631
2633
2632
2631
2631
2631
2629
2631
2630
2629
2630
2630
2628
2628
2628
2626
2626
2626
2626
2626
2624
2625
2625
2625
2624
2624
2623
2623
2623
2623
2622
2621
