3931
3929
3930
3931
3931
3930
3930
3930
3930
3931
3931
3930
3931
3930
3931
3931
3930
3930
3930
3931
3930
3930
3930
3931
3931
3931
3931
3931
3931
3931
3931
3931
3931
3930
3931
3931
3930
3930
3931
3931
3931
3931
3931
3931
3931
3931
3931
3932
3931
3931
3930
3931
3931
3931
3931
3931
3931
3931
3931
3931
3931
3932
3932
3931
3933
3932
3932
3932
3933
3933
3933
3934
3934
3933
3934
3934
3933
3934
3934
3934
3935
3935
3935
3935
3935
3936
3935
3936
3936
3936
3937
3936
3937
3937
3937
3937
3937
3938
3939
3939
3938
3938
3939
3939
3938
3939
3939
3939
3939
3940
3940
3941
3940
3940
3940
3940
3940
3941
3940
3941
3941
3941
3941
3942
3941
3941
3941
3942
3942
3941
3942
3941
3943
3942
3941
3942
3942
3942
3942
3941
3942
3942
3942
3942
3943
3942
3942
3942
3942
3943
3941
3942
3941
3942
3943
3941
3941
3941
3940
3941
3941
3940
3940
3940
3940
3940
3941
3940
3939
3939
3940
3939
3938
3939
3939
3939
3938
3939
3938
3938
3939
3936
3937
3938
3936
3938
3936
3936
3937
3937
3935
3935
3935
3935
3935
3936
3936
3935
3935
3937
3936
3936
3936
3936
3937
3937
3937
3937
3937
3937
3937
3937
3938
3937
3939
3937
3938
3938
3938
3939
3939
3941
3942
3939
3941
3940
3943
3945
3942
3944
3946
3943
3945
3946
3944
3947
3946
3947
3947
3945
3947
3954
3951
3951
3953
3949
3949
3951
3951
3951
3949
3949
3954
3951
3948
3951
3952
3952
3952
3948
3951
3953
3952
3950
3950
3947
3947
3948
3949
3948
3952
3950
3948
3949
3947
3949
3946
3951
3947
3951
3955
3947
3954
3947
3950
3948
3945
3957
3952
3948
3951
3949
3956
3952
3966
3956
3959
3952
3960
3958
3958
3961
3964
3954
3968
3960
3964
3970
3963
3957
3976
3965
3965
3977
3981
3978
3980
3966
3977
3975
3979
3970
3969
3968
3971
3968
3981
3972
3972
3973
3971
3966
3979
3974
3968
3980
3967
3957
3954
3960
3956
3954
3963
3954
3962
3962
3953
3949
3952
3944
3944
3948
3941
3942
3941
3940
3940
3945
3939
3939
3942
3939
3939
3945
3942
3943
3947
3951
3944
3948
3953
3948
3954
3958
3958
3967
3970
3961
3961
3957
3957
3971
3975
3983
3969
3970
3976
3972
3978
3976
3980
3976
3991
3981
3979
3982
3990
3979
3982
3982
3983
3993
3991
3991
3987
3985
3987
3992
3987
3994
3989
3992
3987
3982
3985
3991
3993
3977
3992
3986
3987
3979
3985
3990
3986
3981
3987
3984
3985
3989
3987
3984
3985
3985
3987
3986
3984
3983
3981
3978
3977
3982
3973
3976
3983
3977
3977
3973
3971
3975
3971
3974
3974
3968
3968
3968
3966
3964
3963
3962
3959
3957
3961
3956
3959
3957
3956
3956
3955
3954
3951
3951
3950
3948
3951
3946
3947
3946
3945
3946
3947
3943
3944
3945
3943
3944
3943
3941
3941
3940
3940
3939
3938
3940
3940
3938
3938
3938
3938
3939
3936
3937
3938
3937
3937
3936
3936
3936
3937
3936
3936
3935
3938
3937
3936
3938
3937
3937
3937
3935
3938
3938
3937
3938
3939
3937
3936
3937
3936
3937
3936
3937
3936
3937
3936
3936
3935
3935
3935
3935
3934
3934
3936
3935
3935
3935
3934
3934
3934
3935
3934
3934
3933
3934
3933
3933
3933
3933
3933
3932
3933
3933
3932
3933
3933
3933
3934
3931
3933
3932
3932
3933
3933
3933
3932
3933
3933
3933
3933
3934
3933
3933
3934
3934
3935
3934
3934
3934
3936
3934
3934
3935
3935
3934
3935
3935
3936
3934
3935
3935
3935
3935
3935
3935
3935
3934
3935
3935
3935
3935
3935
3935
3936
3935
3935
3935
3936
3935
3935
3935
3936
3935
3935
3935
3935
3935
3936
3935
3935
3934
3934
3935
3935
3935
3934
3936
3934
3935
3934
3933
3935
3934
3936
3934
3935
3933
3934
3935
3934
3934
3933
3933
3934
3934
3934
3934
3934
3934
3934
3934
3935
3934
3934
3934
3935
3935
3934
3933
3933
3934
3935
3934
3935
3935
3934
3933
3934
3934
3934
3934
3933
3934
3933
3934
3934
3934
3934
3934
3933
3934
3934
3933
3933
3933
3934
3934
3934
3933
3933
3933
3933
3933
3932
3933
3933
3933
3933
3933
3933
3932
3933
3932
3932
3932
3933
3932
3933
3932
3932
3933
3932
3933
3932
3931
3933
3932
3932
3932
3933
3932
3932
3932
3932
3931
3931
3932
3932
3932
3932
3933
3932
3932
3932
3932
3932
3932
3933
3933
3932
3933
3932
3932
3933
3932
3933
3933
3933
3933
3932
3932
3933
3932
3932
3932
3932
3932
3933
3932
3932
3932
3933
3932
3932
3932
3933
3932
3932
3933
3932
3932
3932
3932
3933
3933
3932
3933
3932
3932
3933
3932
3932
3932
3932
3932
3933
3934
3933
3933
3933
3932
3933
3934
3933
3933
3932
3933
3932
3933
3933
3933
3932
3933
3932
3933
3933
3933
3933
3933
3933
3932
3932
3932
3933
3932
3933
3933
3932
3932
3933
3933
3933
3933
3932
3932
3933
3933
3932
3933
3932
3932
3933
3933
3933
3932
3933
3932
3933
3933
3932
3933
3932
3933
3932
3932
3933
3933
3933
3933
3933
3933
3932
3932
3933
3933
3932
3933
3933
3932
3933
3932
3933
3933
3932
3932
3933
3933
3933
3932
3932
3932
3933
3933
3932
3932
3932
3932
3932
3934
3933
3932
3933
3933
3933
3933
3932
3932
3932
3931
3932
3933
3932
3931
3931
3933
3933
3932
3932
3932
3932
3932
3931
3932
3932
3932
3931
3931
3931
3931
3932
3931
3931
3931
3931
3931
3931
3931
3931
3931
3931
3930
3931
3931
3931
3931
3931
3932
3931
3931
3931
3932
3932
3932
3932
3931
3931
3931
3932
3932
3932
3932
3932
3932
3932
3932
3931
3931
3931
3932
3931
3932
3931
3932
3931
3931
3932
3932
3931
3931
3931
3931
3932
3932
3932
3932
3932
3932
3932
3932
3932
3931
3932
3932
3931
3932
3931
3931
3932
3932
3932
3932
3931
3932
3932
3933
3932
3932
3932
3932
3931
3931
3931
3932
