2238
2237
2238
2237
2238
2238
2238
2239
2239
2238
2239
2239
2240
2240
2240
2240
2240
2241
2240
2240
2241
2241
2241
2241
2241
2242
2243
2242
2242
2243
2243
2244
2244
2245
2245
2244
2245
2245
2245
2246
2246
2246
2247
2247
2247
2248
2249
2248
2249
2250
2250
2250
2250
2250
2251
2252
2252
2252
2252
2253
2254
2254
2254
2255
2255
2256
2257
2257
2258
2259
2258
2259
2260
2261
2261
2262
2262
2263
2264
2265
2266
2266
2267
2267
2269
2269
2269
2271
2272
2272
2274
2275
2275
2277
2278
2278
2280
2281
2282
2284
2285
2287
2287
2288
2291
2292
2292
2293
2296
2295
2296
2298
2299
2299
2301
2302
2303
2304
2304
2306
2307
2307
2309
2310
2313
2315
2316
2319
2323
2327
2332
2335
2337
2339
2342
2349
2348
2352
2354
2354
2352
2353
2352
2353
2353
2354
2355
2356
2357
2357
2358
2359
2360
2361
2361
2363
2364
2364
2366
2367
2368
2370
2370
2372
2372
2375
2375
2376
2378
2380
2380
2382
2384
2385
2386
2389
2390
2392
2393
2395
2396
2398
2400
2401
2403
2404
2406
2408
2411
2406
2401
2402
2404
2405
2407
2409
2410
2411
2413
2415
2416
2418
2420
2421
2423
2425
2426
2427
2430
2430
2433
2434
2436
2438
2440
2441
2442
2444
2446
2448
2451
2453
2453
2455
2458
2459
2460
2462
2463
2465
2468
2470
2470
2474
2474
2477
2478
2481
2481
2482
2480
2486
2487
2489
2490
2492
2494
2494
2498
2493
2487
2487
2490
2490
2492
2491
2493
2494
2494
2494
2496
2495
2496
2495
2496
2496
2487
2485
2486
2486
2480
2482
2481
2483
2485
2485
2495
2496
2497
2500
2500
2503
2504
2518
2521
2521
2523
2524
2526
2527
2529
2530
2531
2531
2534
2534
2535
2537
2538
2539
2539
2542
2542
2543
2544
2545
2547
2547
2547
2548
2548
2549
2550
2550
2551
2551
2551
2553
2551
2552
2552
2551
2552
2551
2551
2550
2550
2553
2553
2552
2552
2550
2549
2549
2548
2546
2545
2543
2542
2541
2538
2537
2535
2534
2532
2531
2529
2526
2524
2522
2519
2517
2515
2513
2509
2506
2503
2500
2497
2492
2488
2486
2481
2477
2476
2470
2467
2465
2460
2455
2451
2449
2443
2440
2436
2434
2429
2429
2423
2419
2419
2414
2409
2408
2403
2402
2398
2396
2392
2389
2390
2389
2386
2385
2383
2381
2379
2378
2376
2373
2372
2370
2371
2367
2367
2366
2367
2364
2364
2364
2362
2360
2359
2356
2355
2351
2347
2343
2342
2322
2320
2317
2310
2308
2303
2301
2298
2297
2295
2294
2294
2292
2292
2290
2288
2288
2285
2284
2284
2283
2281
2281
2279
2279
2278
2276
2276
2275
2274
2273
2272
2272
2271
2270
2269
2269
2268
2267
2267
2265
2265
2264
2264
2263
2263
2262
2262
2261
2260
2260
2259
2259
2258
2258
2257
2257
2256
2256
2255
2255
2254
2254
2253
2253
2253
2252
2252
2252
2251
2251
2250
2250
2250
2249
2249
2248
2248
2247
2247
2246
2247
2246
2247
2245
2245
2244
2244
2244
2244
2244
2243
2243
2242
2243
2242
2242
2241
2241
2241
2241
2240
2241
2241
2239
2240
2239
2239
2239
2239
2238
2239
2238
2238
2238
2238
2237
2237
2238
2237
2237
2237
2236
2236
2237
2236
2238
2237
2236
2236
2235
2235
2235
2234
2233
2232
2232
2232
2232
2232
2232
2232
2233
2233
2235
2235
2236
2236
2237
2237
2237
2236
2237
2236
2236
2236
2236
2239
2236
2235
2235
2235
2235
2235
2235
2234
2234
2234
2234
2234
2234
2234
2234
2233
2233
2233
2232
2232
2233
2231
2232
2231
2231
2231
2231
2231
2231
2230
2230
2230
2230
2231
2230
2229
2229
2229
2229
2229
2228
2229
2227
2228
2228
2227
2227
2228
2227
2226
2227
2227
2226
2227
2227
2226
2226
2226
2225
2225
2224
2225
2225
2225
2224
2224
2224
2224
2224
2223
2223
2223
2223
2223
2223
2223
2224
2223
2222
2222
2223
2222
2222
2222
2221
2222
2221
2221
2221
2220
2221
2221
2220
2220
2220
2219
2220
2220
2219
2220
2219
2220
2219
2219
2220
2218
2219
2219
2219
2219
2220
2219
2219
2218
2221
2222
2223
2222
2223
2223
2223
2223
2223
2223
2223
2224
2224
2224
2225
2225
2225
2226
2226
2225
2225
2225
2225
2226
2225
2225
2225
2225
2225
2225
2225
2225
2225
2225
2225
2225
2225
2225
2225
2225
2225
2224
2224
2224
2225
2224
2224
2225
2224
2224
2224
2224
2224
2224
2224
2224
2223
2224
2223
2223
2224
2223
2223
2223
2224
2223
2223
2223
2223
2223
2223
2223
2222
2223
2222
2222
2222
2223
2222
2222
2222
2222
2222
2222
2222
2222
2221
2222
2222
2221
2222
2221
2221
2221
2221
2220
2221
2221
2221
2221
2221
2220
2221
2221
2221
2220
2221
2220
2221
2220
2220
2220
2221
2220
2220
2220
2220
2220
2220
2220
2221
2219
2220
2220
2220
2219
2220
2220
2220
2223
2220
2220
2220
2220
2220
2220
2220
2220
2220
2221
2221
2221
2222
2222
2224
2224
2224
2225
2225
2226
2227
2227
2227
2227
2228
2227
2227
2226
2226
2226
2226
2226
2226
2226
2226
2225
2225
2225
2226
2226
2226
2226
2226
2226
2226
2226
2225
2226
2226
2225
2225
2225
2225
2226
2226
2225
2225
2225
2226
2225
2225
2226
2225
2225
2225
2225
2225
2226
2225
2225
2225
2226
2225
2225
2225
2225
2225
2226
2225
2225
2225
2225
2225
2225
2225
2225
2225
2225
2225
2225
2225
2225
2225
2225
2225
2225
2225
2225
2225
2225
2225
2225
2225
2225
2225
2225
2225
2224
2225
2225
2226
2225
2225
2225
2225
2225
2225
2225
2224
2224
2224
2225
2225
2225
2225
2225
2224
2225
2225
2224
2225
2225
2225
2224
2224
2224
2225
2224
2224
2225
2224
2224
2224
2224
2224
2224
2224
2224
2223
2223
2224
2223
2222
2221
2221
2221
2220
2221
2220
2221
2219
2219
2219
2218
2218
2218
2219
2218
2218
2217
2218
2218
2218
2219
2218
2218
2218
2218
2218
2218
2219
