3704
3703
3704
3705
3706
3705
3704
3704
3705
3705
3706
3705
3705
3706
3704
3704
3704
3704
3706
3705
3703
3705
3704
3704
3705
3703
3705
3706
3705
3705
3705
3704
3704
3704
3704
3704
3705
3704
3704
3705
3705
3704
3705
3705
3705
3704
3705
3705
3704
3705
3705
3704
3704
3703
3705
3705
3705
3704
3705
3704
3704
3704
3704
3702
3704
3704
3704
3704
3704
3704
3704
3703
3704
3705
3704
3704
3704
3704
3704
3705
3704
3704
3704
3704
3705
3705
3705
3705
3705
3706
3706
3705
3705
3707
3706
3707
3706
3707
3708
3707
3708
3708
3708
3709
3710
3709
3709
3710
3709
3711
3710
3711
3711
3711
3711
3712
3710
3711
3711
3711
3712
3713
3712
3712
3713
3711
3713
3713
3711
3711
3711
3713
3713
3711
3712
3711
3713
3712
3714
3712
3713
3713
3714
3712
3714
3713
3712
3711
3711
3713
3711
3714
3712
3712
3713
3713
3711
3713
3710
3712
3713
3711
3712
3712
3710
3712
3711
3711
3714
3711
3711
3714
3712
3711
3712
3711
3711
3712
3710
3712
3711
3711
3712
3711
3711
3712
3712
3712
3712
3710
3712
3711
3711
3711
3711
3712
3711
3710
3713
3712
3711
3712
3712
3712
3712
3712
3715
3714
3715
3714
3718
3717
3717
3720
3721
3720
3721
3721
3724
3723
3722
3727
3727
3730
3730
3730
3732
3733
3737
3738
3739
3742
3739
3737
3743
3745
3742
3747
3747
3744
3742
3749
3741
3745
3749
3745
3752
3747
3743
3748
3746
3739
3746
3746
3740
3746
3751
3748
3732
3741
3742
3742
3736
3738
3737
3740
3738
3736
3732
3733
3732
3730
3734
3731
3733
3733
3734
3726
3734
3731
3732
3730
3733
3728
3728
3728
3730
3730
3728
3731
3729
3730
3732
3730
3731
3730
3732
3730
3733
3735
3738
3739
3740
3738
3740
3738
3738
3742
3744
3743
3747
3749
3749
3749
3749
3753
3753
3754
3756
3756
3753
3755
3755
3760
3762
3760
3759
3762
3763
3762
3762
3764
3761
3763
3763
3763
3766
3762
3763
3763
3765
3767
3765
3759
3761
3763
3761
3766
3761
3764
3770
3759
3767
3757
3749
3754
3756
3755
3758
3756
3748
3756
3751
3750
3752
3753
3744
3760
3741
3741
3758
3740
3741
3746
3742
3742
3743
3744
3736
3739
3738
3738
3746
3738
3738
3739
3733
3735
3737
3734
3739
3735
3731
3738
3735
3731
3735
3735
3733
3734
3734
3735
3735
3734
3730
3734
3734
3728
3730
3732
3736
3730
3731
3734
3728
3734
3730
3730
3732
3734
3726
3732
3727
3728
3728
3731
3730
3722
3730
3729
3724
3726
3727
3724
3721
3728
3719
3726
3726
3722
3725
3723
3720
3721
3720
3721
3724
3721
3719
3720
3718
3722
3718
3720
3720
3718
3718
3718
3718
3718
3719
3719
3719
3719
3720
3719
3720
3720
3720
3719
3719
3721
3721
3721
3721
3720
3720
3720
3721
3720
3720
3720
3720
3721
3720
3720
3722
3720
3721
3721
3720
3720
3720
3719
3720
3721
3720
3719
3721
3720
3720
3720
3720
3720
3719
3720
3719
3721
3721
3719
3722
3721
3721
3722
3722
3722
3722
3722
3722
3723
3723
3722
3723
3722
3723
3723
3723
3723
3723
3722
3722
3724
3722
3723
3723
3722
3723
3721
3723
3723
3721
3723
3723
3722
3720
3722
3721
3721
3721
3722
3722
3720
3721
3722
3722
3720
3721
3722
3722
3723
3721
3722
3721
3722
3720
3720
3721
3722
3721
3721
3721
3722
3721
3721
3721
3721
3720
3721
3721
3720
3721
3721
3720
3721
3722
3721
3720
3721
3720
3720
3720
3720
3720
3720
3720
3720
3719
3720
3720
3720
3718
3719
3718
3718
3720
3718
3719
3718
3717
3718
3717
3717
3717
3717
3717
3717
3716
3717
3717
3717
3717
3717
3717
3716
3716
3716
3717
3716
3716
3716
3717
3717
3717
3717
3717
3717
3717
3716
3716
3717
3717
3718
3716
3717
3717
3716
3717
3717
3716
3717
3716
3716
3717
3716
3716
3716
3716
3717
3716
3715
3718
3716
3716
3715
3716
3715
3716
3715
3715
3716
3717
3715
3715
3715
3715
3717
3715
3715
3717
3716
3715
3717
3716
3716
3716
3716
3716
3715
3716
3717
3718
3717
3717
3717
3716
3716
3715
3717
3716
3716
3716
3716
3716
3716
3716
3717
3716
3718
3717
3716
3716
3716
3716
3716
3717
3717
3717
3716
3717
3716
3717
3717
3715
3718
3718
3717
3717
3717
3717
3717
3718
3717
3717
3717
3717
3718
3718
3717
3718
3718
3718
3718
3717
3718
3718
3717
3719
3718
3718
3718
3718
3719
3719
3717
3719
3717
3717
3719
3718
3717
3720
3717
3718
3719
3718
3718
3719
3718
3719
3718
3718
3719
3717
3718
3719
3717
3718
3719
3718
3719
3718
3719
3719
3717
3718
3719
3718
3719
3719
3719
3718
3719
3718
3717
3719
3718
3718
3718
3718
3717
3718
3717
3717
3717
3718
3717
3718
3719
3717
3719
3718
3718
3718
3718
3718
3718
3719
3718
3719
3718
3717
3718
3718
3718
3718
3719
3719
3718
3719
3719
3719
3720
3718
3718
3719
3719
3718
3718
3720
3718
3719
3719
3718
3720
3719
3719
3719
3719
3720
3719
3720
3719
3719
3720
3720
3718
3720
3720
3720
3718
3719
3719
3719
3719
3719
3719
3719
3719
3719
3719
3719
3719
3720
3720
3719
3719
3719
3719
3720
3719
3718
3720
3718
3719
3718
3719
3719
3719
3719
3717
3719
3720
3719
3720
3720
3719
3719
3720
3718
3720
3718
3719
3719
3719
3718
3720
3719
3720
3719
3718
3719
3719
3720
3721
3718
3719
3720
3719
3719
3720
3719
3719
3719
3719
3719
3720
3719
3719
3720
3719
3719
3720
3720
3718
3720
3719
3718
3719
3719
3719
3719
3720
3719
3720
3720
3719
3721
3720
3719
3720
3720
3720
3721
3718
3719
3720
3720
3719
3720
3720
3720
3721
3720
3720
3720
3720
3721
3719
3720
3719
3721
3719
3720
3720
3721
3720
3720
3721
3720
3720
3721
3720
3721
3720
3721
3722
3722
3720
3721
3721
3721
3722
3721
3722
3720
3721
3722
3721
3722
3720
3721
3721
