2412
2413
2413
2413
2413
2414
2414
2413
2413
2414
2414
2414
2413
2414
2413
2414
2414
2414
2413
2414
2413
2414
2413
2413
2413
2414
2414
2414
2414
2414
2414
2414
2414
2413
2414
2414
2414
2414
2414
2414
2414
2414
2414
2414
2415
2414
2414
2413
2414
2414
2414
2414
2414
2414
2414
2414
2414
2414
2414
2414
2414
2414
2414
2414
2415
2413
2414
2413
2415
2413
2414
2414
2413
2414
2414
2413
2415
2414
2414
2414
2413
2414
2413
2413
2413
2414
2414
2414
2413
2413
2414
2414
2414
2413
2414
2414
2414
2413
2414
2414
2414
2414
2413
2413
2414
2414
2414
2414
2414
2413
2414
2414
2414
2415
2414
2413
2414
2413
2413
2414
2414
2414
2414
2413
2413
2413
2414
2414
2414
2413
2415
2414
2414
2414
2413
2414
2414
2415
2414
2414
2414
2414
2414
2414
2414
2414
2414
2414
2414
2414
2413
2414
2414
2414
2414
2414
2414
2415
2414
2414
2414
2414
2414
2414
2414
2414
2414
2414
2415
2414
2414
2414
2414
2414
2415
2415
2414
2415
2414
2415
2414
2415
2416
2414
2415
2414
2414
2415
2414
2415
2415
2415
2415
2415
2414
2415
2415
2415
2414
2415
2414
2415
2414
2415
2415
2415
2415
2415
2415
2416
2415
2415
2415
2415
2415
2415
2415
2415
2415
2416
2415
2415
2415
2415
2415
2415
2415
2416
2415
2416
2416
2415
2416
2415
2415
2415
2416
2415
2416
2415
2416
2416
2415
2415
2416
2415
2415
2416
2415
2416
2415
2416
2415
2416
2416
2416
2416
2416
2416
2416
2416
2415
2416
2416
2416
2416
2416
2416
2417
2416
2416
2415
2416
2416
2416
2416
2415
2416
2416
2416
2416
2416
2417
2417
2416
2416
2415
2416
2416
2416
2416
2416
2416
2416
2417
2416
2416
2416
2416
2417
2416
2416
2416
2416
2416
2416
2417
2416
2416
2417
2416
2416
2417
2416
2416
2416
2417
2416
2417
2416
2416
2416
2416
2417
2416
2417
2417
2417
2417
2417
2416
2416
2417
2416
2416
2417
2417
2416
2416
2417
2416
2417
2417
2417
2417
2417
2417
2417
2416
2417
2416
2416
2417
2417
2417
2417
2417
2417
2417
2417
2417
2417
2417
2417
2417
2417
2417
2418
2417
2417
2417
2417
2417
2417
2417
2417
2417
2417
2417
2417
2417
2417
2417
2417
2417
2417
2416
2417
2417
2416
2417
2417
2417
2417
2417
2416
2417
2417
2417
2417
2417
2417
2416
2417
2417
2417
2417
2416
2417
2416
2418
2417
2417
2417
2417
2417
2417
2417
2418
2416
2417
2417
2417
2417
2417
2417
2417
2418
2418
2417
2417
2417
2417
2417
2418
2417
2417
2417
2418
2417
2416
2417
2417
2418
2417
2417
2418
2417
2417
2417
2417
2417
2417
2418
2418
2418
2418
2418
2417
2419
2418
2418
2418
2418
2418
2419
2419
2418
2418
2419
2419
2419
2419
2418
2418
2418
2418
2418
2419
2419
2419
2418
2418
2419
2418
2419
2419
2418
2418
2419
2419
2419
2419
2419
2419
2419
2419
2419
2420
2419
2419
2420
2419
2419
2420
2420
2420
2420
2420
2419
2421
2420
2420
2420
2419
2420
2420
2420
2421
2421
2421
2421
2420
2421
2420
2420
2420
2420
2421
2420
2421
2421
2421
2421
2422
2422
2422
2422
2422
2422
2422
2422
2423
2423
2423
2422
2422
2422
2423
2422
2423
2423
2424
2423
2423
2422
2423
2424
2424
2423
2424
2423
2423
2424
2424
2424
2424
2424
2424
2424
2424
2424
2424
2424
2425
2425
2424
2425
2425
2425
2425
2425
2426
2425
2425
2425
2426
2426
2426
2426
2425
2425
2427
2427
2427
2427
2428
2427
2427
2427
2427
2427
2427
2427
2427
2428
2428
2429
2428
2428
2429
2429
2429
2429
2430
2430
2431
2430
2431
2431
2431
2432
2432
2431
2431
2431
2432
2433
2432
2433
2433
2433
2433
2433
2434
2434
2435
2434
2435
2435
2435
2436
2435
2436
2436
2437
2437
2438
2437
2438
2438
2439
2439
2439
2440
2440
2440
2441
2441
2441
2442
2442
2443
2443
2443
2445
2445
2446
2445
2445
2446
2446
2446
2447
2447
2448
2448
2447
2448
2448
2449
2448
2449
2449
2451
2450
2449
2449
2448
2447
2447
2450
2449
2449
2451
2451
2452
2450
2452
2453
2452
2453
2453
2453
2449
2454
2454
2455
2454
2455
2455
2455
2455
2455
2461
2457
2458
2459
2458
2458
2459
2458
2459
2459
2459
2459
2460
2461
2461
2461
2463
2463
2464
2464
2465
2465
2467
2466
2468
2468
2470
2470
2471
2471
2471
2470
2472
2472
2472
2473
2473
2474
2475
2475
2476
2475
2476
2478
2478
2477
2478
2478
2480
2479
2480
2481
2479
2479
2481
2479
2479
2482
2480
2480
2482
2482
2482
2484
2483
2485
2482
2484
2483
2485
2486
2485
2486
2486
2485
2491
2489
2493
2495
2496
2498
2497
2496
2500
2494
2494
2499
2500
2500
2496
2497
2494
2499
2497
2497
2498
2498
2497
2493
2492
2488
2501
2499
2497
2492
2491
2493
2489
2493
2486
2494
2493
2493
2485
2488
2483
2471
2498
2498
2497
2501
2508
2498
2502
2497
2491
2497
2488
2491
2493
2480
2490
2488
2485
2479
2479
2480
2479
2481
2486
2484
2483
2482
2484
2487
2486
2476
2481
2481
2480
2479
2482
2475
2483
2476
2476
2475
2479
2475
2478
2467
2472
2469
2462
2472
2464
2462
2464
2463
2459
2458
2464
2453
2459
2460
2460
2459
2460
2457
2455
2451
2451
2448
2447
2446
2451
2447
2451
2449
2448
2445
2444
2443
2444
2450
2448
2441
2442
2440
2441
2441
2441
2438
2439
2437
2436
2435
2438
2437
2435
2436
2433
2433
2433
2433
2432
2432
2432
2431
2431
2431
2432
2431
2431
2430
2430
2429
2429
2429
2430
2429
2429
2428
2428
2428
2428
2429
2429
2428
2428
2427
2428
2427
2428
2428
2427
2427
2428
2427
2427
2427
2427
2427
2427
2427
2427
2427
2426
2427
2426
2426
2427
2427
2427
2427
2427
2426
2426
2427
2427
2427
2426
2426
2427
2426
2426
2426
2426
2426
2425
2426
2426
2425
2425
2426
2426
2425
2424
