2876
2876
2876
2876
2877
2876
2876
2876
2876
2876
2876
2876
2877
2876
2877
2876
2876
2876
2876
2876
2875
2875
2876
2876
2876
2875
2876
2876
2876
2876
2875
2876
2877
2875
2876
2876
2876
2876
2876
2876
2876
2876
2876
2876
2876
2876
2875
2875
2876
2875
2876
2876
2876
2875
2875
2875
2875
2876
2876
2876
2875
2876
2875
2875
2875
2876
2876
2876
2875
2875
2876
2876
2875
2875
2875
2875
2875
2875
2875
2876
2875
2875
2876
2876
2875
2876
2875
2875
2875
2875
2876
2876
2875
2876
2875
2875
2876
2876
2876
2875
2876
2876
2876
2876
2876
2876
2876
2876
2876
2875
2876
2876
2876
2875
2876
2875
2876
2876
2876
2876
2876
2877
2876
2876
2877
2877
2876
2875
2877
2876
2876
2876
2876
2877
2876
2877
2876
2877
2877
2876
2876
2877
2877
2877
2877
2877
2877
2877
2877
2876
2877
2877
2877
2878
2876
2877
2878
2877
2877
2877
2876
2877
2877
2877
2877
2877
2877
2877
2877
2877
2877
2878
2877
2877
2877
2877
2877
2877
2877
2877
2877
2877
2877
2876
2877
2877
2877
2877
2877
2877
2877
2877
2877
2877
2877
2877
2877
2877
2877
2876
2877
2876
2876
2877
2877
2877
2877
2877
2877
2877
2878
2877
2877
2877
2877
2877
2876
2877
2877
2877
2877
2877
2877
2877
2877
2877
2878
2877
2877
2877
2877
2877
2877
2877
2878
2877
2877
2876
2877
2877
2877
2877
2877
2878
2877
2878
2877
2878
2877
2877
2878
2878
2878
2877
2878
2878
2878
2878
2878
2878
2879
2878
2878
2878
2878
2878
2878
2878
2878
2878
2879
2879
2878
2879
2877
2877
2879
2878
2879
2879
2878
2879
2878
2878
2879
2878
2879
2879
2879
2879
2879
2879
2878
2879
2879
2879
2878
2879
2879
2879
2879
2879
2879
2879
2879
2879
2880
2879
2880
2880
2879
2879
2879
2879
2879
2879
2879
2879
2879
2879
2879
2879
2880
2880
2879
2880
2880
2880
2879
2880
2879
2880
2880
2879
2880
2879
2880
2880
2880
2879
2880
2880
2880
2880
2880
2879
2879
2880
2879
2880
2880
2880
2879
2879
2878
2879
2880
2879
2880
2880
2879
2879
2879
2880
2878
2878
2880
2879
2879
2879
2880
2880
2879
2880
2880
2880
2879
2880
2879
2879
2880
2879
2879
2879
2879
2880
2879
2879
2879
2881
2879
2879
2879
2880
2879
2878
2879
2879
2879
2878
2879
2879
2879
2880
2879
2880
2878
2881
2878
2878
2878
2879
2879
2878
2878
2879
2879
2878
2878
2879
2877
2878
2879
2878
2879
2878
2878
2879
2878
2878
2878
2879
2879
2878
2878
2878
2878
2879
2878
2878
2878
2878
2878
2878
2878
2878
2877
2878
2878
2877
2879
2878
2877
2877
2877
2877
2879
2877
2878
2877
2877
2878
2878
2878
2878
2878
2877
2878
2878
2877
2877
2877
2878
2878
2878
2878
2878
2878
2878
2878
2878
2877
2877
2878
2878
2878
2878
2878
2879
2877
2878
2878
2878
2878
2878
2879
2878
2878
2878
2879
2878
2878
2878
2878
2878
2878
2878
2879
2879
2879
2879
2879
2879
2880
2879
2879
2879
2879
2880
2880
2881
2880
2880
2880
2880
2881
2881
2882
2881
2882
2881
2882
2882
2883
2882
2881
2883
2883
2882
2881
2883
2885
2883
2882
2883
2882
2883
2884
2884
2883
2882
2883
2883
2881
2881
2887
2884
2885
2883
2889
2885
2886
2885
2887
2887
2888
2885
2886
2887
2887
2887
2886
2892
2889
2885
2884
2885
2890
2890
2893
2887
2885
2886
2888
2894
2890
2890
2892
2894
2891
2891
2891
2892
2889
2894
2895
2895
2895
2895
2893
2897
2891
2894
2898
2896
2897
2897
2899
2900
2897
2901
2897
2902
2896
2900
2898
2904
2910
2907
2899
2898
2899
2900
2901
2900
2902
2906
2903
2903
2903
2916
2911
2916
2912
2910
2911
2908
2915
2909
2913
2912
2911
2917
2912
2915
2906
2913
2923
2916
2912
2919
2913
2912
2917
2927
2923
2919
2912
2920
2932
2922
2929
2919
2930
2928
2930
2920
2924
2922
2934
2923
2915
2911
2909
2922
2927
2929
2935
2933
2916
2911
2922
2916
2927
2932
2915
2912
2917
2930
2900
2899
2931
2919
2927
2920
2909
2899
2900
2924
2905
2900
2918
2909
2903
2946
2930
2925
2909
2935
2920
2944
2915
2941
2914
2919
2935
2935
2929
2923
2925
2929
2937
2923
2932
2937
2927
2938
2932
2929
2933
2931
2946
2929
2924
2931
2941
2928
2922
2936
2929
2935
2936
2926
2928
2947
2928
2941
2923
2932
2945
2949
2949
2950
2928
2939
2934
2937
2937
2936
2943
2939
2947
2936
2929
2940
2937
2930
2945
2937
2928
2935
2932
2928
2927
2929
2929
2939
2927
2927
2925
2919
2924
2919
2934
2925
2922
2925
2922
2924
2919
2917
2925
2922
2922
2922
2911
2923
2915
2914
2915
2921
2922
2913
2913
2910
2907
2913
2908
2910
2903
2912
2909
2912
2911
2909
2909
2906
2905
2906
2902
2910
2906
2903
2907
2902
2901
2900
2899
2905
2902
2913
2903
2903
2899
2902
2902
2900
2891
2909
2908
2903
2899
2890
2909
2896
2902
2903
2899
2901
2901
2901
2903
2900
2901
2898
2898
2898
2899
2902
2900
2900
2900
2900
2896
2900
2898
2898
2898
2897
2898
2900
2897
2900
2899
2898
2899
2898
2897
2898
2900
2899
2897
2898
2898
2899
2899
2896
2896
2898
2896
2897
2896
2896
2896
2896
2897
2896
2895
2895
2896
2895
2896
2893
2896
2895
2895
2895
2895
2896
2896
2894
2894
2894
2894
2894
2892
2894
2892
2892
2891
2892
2891
2891
2890
2890
2889
2890
2890
2888
2889
2888
2888
2887
2887
2887
2886
2886
2886
2885
2886
2884
2886
2885
2885
2884
2885
2885
2885
2885
2884
2884
2884
2883
2883
2884
2883
2884
2882
2884
2882
2882
2882
2882
2882
2882
2883
2884
2881
2882
2882
2881
2882
2882
2882
2882
2880
2882
2881
2882
2882
2880
2881
2881
2881
2880
2880
2880
2881
2880
2881
2880
2880
2880
2881
2880
2879
2879
2880
2880
2880
2880
2880
