2562
2573
2572
2574
2572
2576
2575
2570
2571
2569
2571
2566
2568
2571
2569
2570
2568
2567
2570
2570
2569
2571
2569
2566
2567
2570
2569
2570
2564
2568
2567
2561
2563
2562
2570
2568
2573
2569
2568
2570
2570
2566
2561
2559
2560
2559
2561
2563
2560
2561
2563
2556
2561
2565
2563
2563
2563
2558
2560
2562
2564
2561
2561
2563
2562
2566
2568
2560
2564
2567
2565
2563
2561
2564
2561
2567
2563
2565
2563
2567
2565
2566
2565
2560
2566
2569
2565
2565
2566
2564
2565
2577
2579
2571
2574
2570
2567
2564
2573
2575
2572
2571
2576
2575
2578
2578
2576
2577
2573
2572
2570
2569
2578
2575
2578
2581
2582
2585
2590
2576
2577
2584
2590
2591
2579
2562
2577
2579
2558
2568
2562
2568
2558
2544
2592
2579
2587
2573
2561
2563
2561
2574
2576
2563
2565
2572
2578
2584
2577
2586
2575
2575
2564
2565
2572
2592
2573
2569
2570
2580
2583
2575
2582
2587
2574
2581
2572
2581
2576
2576
2583
2580
2582
2583
2579
2591
2583
2574
2579
2577
2572
2574
2578
2576
2573
2593
2573
2567
2581
2561
2581
2571
2568
2583
2570
2567
2577
2572
2571
2582
2573
2563
2574
2569
2560
2581
2574
2565
2559
2562
2570
2564
2558
2565
2553
2559
2571
2551
2581
2555
2554
2571
2563
2569
2570
2562
2555
2560
2557
2554
2582
2557
2568
2571
2563
2561
2563
2568
2566
2555
2567
2558
2557
2576
2563
2560
2567
2555
2554
2565
2576
2561
2565
2559
2576
2555
2555
2562
2569
2562
2560
2559
2584
2557
2555
2560
2554
2574
2559
2555
2543
2556
2576
2604
2574
2562
2554
2594
2572
2564
2551
2549
2556
2573
2578
2576
2587
2576
2584
2579
2575
2595
2565
2571
2576
2560
2583
2571
2573
2574
2604
2602
2578
2608
2587
2603
2594
2608
2609
2612
2594
2588
2578
2580
2590
2582
2595
2599
2586
2614
2605
2601
2626
2593
2603
2608
2611
2615
2615
2622
2624
2614
2630
2618
2639
2613
2629
2620
2634
2630
2640
2616
2631
2644
2632
2644
2655
2621
2626
2627
2633
2644
2654
2627
2626
2626
2630
2637
2647
2662
2657
2670
2637
2665
2652
2666
2663
2672
2669
2663
2651
2660
2657
2655
2648
2675
2654
2661
2661
2667
2662
2651
2668
2656
2671
2676
2667
2667
2667
2675
2658
2696
2682
2673
2663
2670
2658
2662
2668
2680
2661
2662
2696
2670
2674
2664
2681
2687
2660
2664
2678
2669
2664
2668
2667
2706
2659
2676
2661
2653
2670
2653
2703
2661
2670
2672
2670
2672
2676
2690
2666
2672
2687
2702
2684
2678
2684
2688
2685
2681
2683
2696
2698
2687
2683
2690
2695
2695
2705
2699
2711
2698
2689
2703
2712
2711
2694
2694
2737
2695
2697
2699
2698
2714
2709
2717
2709
2710
2712
2718
2715
2717
2719
2723
2739
2742
2728
2729
2738
2740
2745
2737
2739
2741
2751
2760
2757
2762
2757
2767
2758
2764
2767
2761
2780
2770
2785
2778
2804
2786
2783
2787
2792
2795
2798
2800
2804
2816
2814
2818
2825
2831
2836
2839
2845
2849
2850
2863
2866
2871
2871
2884
2882
2897
2895
2905
2912
2918
2924
2928
2927
2930
2942
2941
2940
2947
2945
2954
2947
2952
2963
2963
2973
2959
2960
2957
2979
2997
2982
2990
3005
3010
2971
3003
3002
3004
3004
3011
3003
3003
3018
3003
2948
2969
3024
3024
3038
3040
3041
3011
3020
3065
3039
3060
3045
3049
3059
3049
3066
3079
3086
3093
3088
3097
3102
3108
3101
3110
3119
3116
3123
3126
3125
3133
3141
3137
3147
3151
3140
3140
3152
3163
3168
3153
3175
3167
3164
3185
3181
3184
3190
3195
3199
3191
3194
3211
3187
3198
3202
3208
3211
3222
3230
3230
3223
3232
3225
3236
3235
3215
3239
3231
3213
3225
3222
3215
3214
3229
3225
3195
3187
3192
3170
3161
3196
3207
3191
3178
3122
3190
3172
3133
3163
3161
3147
3135
3120
3122
3118
3057
3075
3063
3059
3020
3054
3045
3010
3015
3009
2970
3009
2977
2984
2952
2986
2988
2996
2975
2934
2945
2954
2940
2941
2933
2891
2845
2871
2798
2868
2955
2860
2865
2957
2923
2908
2901
2957
2883
2843
2865
2906
2845
2867
2830
2822
2838
2857
2828
2892
2858
2864
2825
2807
2835
2809
2828
2831
2840
2825
2827
2813
2817
2796
2805
2795
2802
2810
2801
2782
2789
2779
2782
2776
2777
2765
2769
2763
2766
2768
2757
2760
2759
2753
2749
2746
2743
2747
2747
2741
2740
2741
2738
2732
2732
2729
2727
2723
2724
2726
2728
2719
2727
2724
2719
2721
2720
2712
2714
2719
2717
2709
2712
2709
2709
2707
2703
2706
2704
2702
2705
2701
2702
2699
2700
2700
2699
2699
2698
2698
2695
2696
2694
2694
2692
2691
2693
2696
2694
2692
2693
2689
2692
2690
2682
2683
2676
2679
2682
2690
2692
2682
2681
2683
2678
2699
2706
2697
2701
2678
2673
2672
2679
2691
2680
2661
2684
2674
2676
2666
2677
2648
2663
2670
2679
2630
2663
2651
2643
2677
2684
2677
2670
2675
2668
2659
2664
2659
2653
2652
2667
2657
2653
2669
2672
2660
2663
2660
2668
2665
2655
2649
2695
2649
2654
2659
2643
2655
2664
2657
2657
2678
2670
2661
2682
2679
2665
2654
2653
2651
2634
2656
2644
2657
2647
2636
2633
2653
2641
2644
2639
2630
2636
2635
2635
2616
2627
2634
2619
2622
2630
2626
2624
2621
2634
2624
2636
2632
2637
2623
2638
2639
2641
2628
2619
2621
2625
2620
2615
2624
2612
2611
2614
2617
2623
2614
2613
2619
2609
2613
2610
2609
2609
2609
2609
2605
2607
2603
2604
2605
2600
2600
2600
2597
2595
2598
2592
2594
2594
2590
2592
2591
2587
2587
2587
2586
2584
2585
2582
2584
2584
2582
2582
2582
2579
2579
2580
2580
2581
2579
2579
2580
2578
2589
2580
2586
2581
2578
2576
2579
2577
2577
2579
2577
2575
2577
2575
2577
2576
2574
2572
2575
2573
2572
2572
2572
2572
2570
2571
2570
2567
2567
2568
