2110
2111
2111
2111
2112
2111
2112
2112
2112
2112
2113
2112
2113
2113
2114
2113
2114
2114
2114
2115
2115
2115
2114
2115
2115
2116
2116
2116
2116
2117
2116
2117
2117
2118
2118
2118
2118
2119
2120
2120
2119
2121
2121
2122
2121
2123
2123
2123
2123
2124
2124
2124
2125
2125
2126
2125
2126
2127
2128
2127
2128
2129
2130
2130
2131
2131
2132
2131
2133
2133
2133
2134
2134
2136
2136
2137
2137
2138
2138
2139
2140
2140
2142
2143
2143
2144
2145
2146
2147
2148
2149
2150
2151
2151
2153
2154
2154
2157
2157
2158
2159
2160
2162
2162
2164
2165
2165
2166
2168
2169
2170
2171
2172
2172
2174
2174
2175
2176
2177
2177
2177
2179
2179
2179
2180
2180
2181
2183
2183
2183
2184
2185
2185
2184
2187
2188
2187
2189
2190
2188
2190
2191
2192
2193
2195
2196
2195
2197
2196
2198
2199
2200
2201
2201
2203
2205
2205
2207
2207
2208
2210
2211
2212
2213
2215
2216
2218
2218
2219
2219
2221
2223
2226
2226
2228
2230
2231
2233
2234
2235
2236
2238
2240
2241
2243
2245
2246
2249
2250
2251
2252
2254
2256
2259
2260
2260
2263
2263
2266
2268
2269
2271
2272
2274
2275
2277
2278
2280
2283
2284
2285
2287
2291
2292
2293
2294
2297
2299
2298
2301
2303
2306
2306
2309
2310
2311
2313
2314
2316
2317
2319
2319
2322
2324
2325
2326
2327
2328
2330
2331
2332
2332
2334
2335
2336
2337
2337
2339
2339
2339
2340
2340
2340
2341
2341
2342
2342
2342
2342
2342
2343
2342
2342
2342
2341
2341
2342
2342
2341
2341
2342
2342
2342
2341
2340
2339
2339
2339
2338
2340
2339
2339
2339
2337
2337
2336
2336
2336
2335
2334
2333
2332
2331
2331
2329
2329
2327
2326
2326
2326
2324
2323
2321
2319
2318
2317
2315
2312
2311
2312
2309
2309
2306
2303
2303
2299
2303
2297
2295
2292
2292
2288
2287
2284
2282
2280
2277
2275
2274
2271
2270
2268
2265
2261
2260
2258
2255
2252
2250
2248
2249
2244
2242
2240
2238
2237
2234
2229
2231
2228
2225
2223
2221
2220
2216
2214
2212
2209
2207
2207
2203
2201
2199
2197
2195
2194
2192
2191
2188
2187
2186
2183
2181
2181
2179
2177
2175
2173
2171
2172
2170
2168
2167
2165
2164
2164
2162
2161
2160
2160
2158
2157
2158
2155
2155
2155
2154
2153
2152
2151
2150
2150
2150
2150
2149
2151
2148
2148
2147
2148
2148
2148
2145
2144
2145
2144
2144
2143
2142
2142
2142
2141
2141
2141
2141
2140
2140
2139
2140
2138
2138
2137
2136
2137
2135
2135
2135
2134
2133
2133
2133
2131
2132
2131
2131
2130
2129
2129
2129
2128
2127
2126
2125
2125
2125
2124
2124
2123
2123
2122
2121
2121
2120
2120
2119
2119
2118
2117
2117
2117
2116
2115
2115
2114
2113
2113
2113
2112
2112
2111
2111
2110
2111
2110
2109
2109
2109
2107
2107
2107
2106
2106
2105
2105
2105
2104
2104
2104
2103
2103
2102
2102
2102
2101
2100
2100
2100
2099
2099
2099
2098
2098
2097
2098
2097
2097
2096
2095
2096
2095
2095
2095
2094
2093
2094
2093
2093
2093
2092
2093
2093
2092
2092
2092
2092
2091
2091
2091
2091
2091
2090
2090
2091
2090
2090
2091
2090
2090
2089
2090
2090
2089
2090
2090
2089
2089
2090
2089
2089
2089
2089
2089
2089
2088
2089
2089
2089
2088
2089
2088
2088
2087
2087
2087
2087
2087
2087
2088
2087
2087
2086
2087
2086
2087
2086
2087
2086
2086
2087
2086
2086
2086
2086
2086
2086
2085
2085
2085
2085
2086
2085
2085
2085
2084
2085
2084
2085
2085
2084
2085
2084
2085
2083
2084
2084
2084
2084
2084
2084
2084
2084
2083
2084
2084
2087
2083
2083
2083
2083
2083
2083
2083
2083
2083
2083
2084
2083
2082
2083
2083
2083
2083
2082
2083
2083
2083
2082
2083
2083
2083
2082
2082
2082
2082
2083
2082
2082
2082
2083
2082
2082
2082
2082
2081
2081
2081
2082
2081
2081
2081
2081
2082
2081
2081
2081
2081
2081
2081
2081
2081
2082
2081
2081
2081
2081
2081
2081
2080
2081
2081
2081
2082
2081
2081
2081
2081
2081
2081
2081
2081
2081
2081
2081
2081
2081
2081
2081
2081
2081
2081
2080
2081
2080
2080
2080
2081
2080
2081
2080
2080
2081
2080
2080
2080
2081
2079
2080
2080
2081
2080
2080
2080
2080
2080
2080
2080
2080
2079
2079
2080
2080
2080
2079
2080
2079
2078
2079
2079
2079
2079
2079
2079
2079
2079
2079
2079
2079
2079
2078
2079
2078
2078
2079
2079
2078
2079
2078
2079
2078
2078
2078
2078
2078
2077
2078
2078
2078
2078
2078
2078
2077
2077
2077
2078
2077
2077
2078
2077
2077
2077
2077
2078
2077
2077
2077
2077
2077
2077
2076
2077
2076
2076
2077
2077
2077
2077
2076
2076
2076
2076
2077
2076
2076
2076
2076
2076
2076
2076
2075
2076
2076
2076
2076
2076
2075
2076
2076
2075
2076
2076
2075
2076
2076
2076
2076
2075
2076
2076
2076
2075
2076
2075
2075
2075
2076
2076
2075
2075
2074
2075
2076
2075
2075
2075
2075
2075
2075
2075
2075
2075
2075
2074
2075
2075
2075
2075
2075
2075
2075
2075
2075
2076
2074
2074
2074
2074
2074
2075
2075
2074
2074
2074
2074
2074
2074
2074
2074
2074
2074
2074
2074
2075
2074
2074
2074
2074
2074
2073
2074
2074
2074
2073
2074
2073
2074
2073
2074
2073
2074
2073
2073
2073
2073
2073
2073
2073
2074
2073
2073
2073
2073
2073
2073
2073
2072
2072
2073
2073
2073
2072
2072
2072
2072
2073
2073
2072
2072
2072
2072
2072
2073
2073
2072
2072
2072
2072
2072
2073
2072
2072
2072
2072
2072
2072
2072
2072
2072
2072
2071
2072
2072
2072
2072
2071
2072
2072
2071
2072
2072
2072
2072
2072
2072
2072
2072
2072
2072
2072
2071
2072
2072
2072
2072
2072
2072
2072
2071
2071
2072
2071
2072
2072
2071
2072
2071
2072
2071
2071
2071
2072
2071
2072
