3518
3517
3518
3518
3518
3518
3517
3517
3518
3517
3518
3518
3518
3518
3517
3518
3517
3518
3517
3517
3518
3518
3517
3518
3518
3517
3517
3517
3518
3518
3517
3517
3518
3518
3517
3518
3518
3518
3518
3518
3517
3518
3518
3518
3518
3518
3518
3518
3518
3518
3518
3518
3518
3518
3518
3517
3518
3518
3518
3517
3518
3518
3517
3518
3518
3518
3518
3518
3518
3518
3517
3518
3518
3518
3518
3518
3518
3518
3518
3518
3518
3518
3518
3519
3518
3518
3518
3518
3518
3518
3518
3518
3518
3518
3518
3519
3518
3519
3519
3519
3519
3519
3519
3519
3519
3519
3518
3519
3520
3519
3519
3519
3520
3519
3519
3519
3519
3519
3519
3519
3520
3520
3519
3519
3519
3519
3519
3520
3519
3519
3519
3519
3519
3520
3519
3520
3520
3519
3519
3519
3520
3519
3520
3520
3520
3520
3519
3520
3520
3520
3520
3520
3520
3520
3521
3520
3520
3520
3520
3519
3520
3520
3521
3520
3520
3520
3521
3521
3519
3520
3520
3519
3520
3520
3520
3519
3520
3520
3520
3521
3519
3519
3519
3519
3520
3520
3519
3520
3520
3520
3520
3521
3519
3520
3519
3521
3520
3520
3520
3520
3520
3520
3519
3520
3519
3520
3520
3519
3519
3519
3519
3519
3521
3520
3520
3520
3519
3519
3519
3520
3519
3519
3519
3520
3519
3519
3519
3519
3519
3519
3519
3519
3519
3519
3520
3519
3519
3519
3519
3519
3520
3519
3520
3519
3519
3518
3520
3519
3519
3519
3519
3520
3520
3519
3520
3519
3520
3520
3520
3520
3519
3520
3519
3520
3521
3520
3520
3519
3519
3519
3519
3519
3519
3520
3520
3521
3519
3520
3520
3520
3519
3520
3521
3520
3519
3520
3520
3519
3521
3520
3520
3520
3519
3520
3520
3521
3519
3520
3520
3520
3519
3519
3519
3520
3520
3520
3520
3521
3520
3520
3520
3520
3520
3520
3520
3520
3519
3520
3520
3520
3520
3520
3520
3520
3519
3520
3520
3520
3520
3519
3520
3520
3520
3520
3520
3521
3520
3521
3520
3520
3519
3520
3520
3521
3520
3521
3520
3520
3520
3520
3519
3522
3520
3522
3521
3521
3521
3520
3522
3522
3521
3521
3521
3522
3521
3521
3522
3521
3521
3522
3522
3522
3521
3522
3522
3521
3521
3521
3522
3523
3523
3523
3522
3523
3523
3524
3523
3522
3523
3523
3523
3523
3523
3523
3523
3524
3524
3523
3523
3523
3522
3524
3523
3524
3524
3523
3523
3525
3524
3524
3525
3524
3524
3524
3525
3525
3525
3524
3524
3525
3524
3524
3524
3524
3525
3525
3525
3525
3525
3525
3525
3526
3526
3525
3525
3526
3525
3525
3525
3525
3525
3525
3525
3525
3526
3525
3526
3526
3525
3526
3526
3525
3526
3525
3525
3526
3526
3527
3527
3525
3526
3526
3526
3526
3527
3527
3526
3527
3527
3526
3527
3526
3527
3527
3527
3527
3527
3527
3527
3527
3527
3527
3528
3527
3528
3528
3527
3528
3528
3528
3528
3527
3528
3528
3528
3528
3527
3528
3528
3527
3528
3528
3528
3528
3528
3529
3528
3528
3528
3528
3529
3528
3528
3529
3530
3529
3528
3529
3529
3529
3528
3529
3529
3529
3530
3530
3530
3530
3531
3531
3531
3531
3530
3529
3531
3529
3531
3530
3530
3531
3530
3529
3530
3529
3530
3531
3530
3530
3530
3529
3531
3529
3530
3531
3530
3530
3531
3529
3528
3529
3530
3530
3528
3530
3530
3531
3530
3532
3531
3529
3530
3530
3528
3529
3529
3530
3529
3529
3531
3528
3529
3528
3529
3530
3529
3528
3528
3528
3529
3529
3528
3529
3529
3528
3527
3529
3528
3527
3529
3527
3528
3528
3527
3527
3527
3527
3527
3527
3528
3526
3526
3526
3528
3527
3527
3527
3526
3527
3527
3527
3526
3527
3526
3526
3528
3527
3527
3527
3527
3527
3527
3527
3528
3527
3527
3529
3529
3528
3529
3529
3530
3529
3529
3530
3531
3530
3530
3530
3531
3530
3530
3531
3531
3532
3532
3533
3532
3532
3531
3533
3533
3533
3533
3534
3534
3533
3533
3535
3534
3534
3534
3534
3535
3533
3534
3536
3535
3534
3535
3534
3536
3536
3538
3535
3535
3534
3532
3538
3533
3533
3533
3537
3534
3533
3538
3536
3534
3539
3534
3538
3536
3536
3536
3536
3539
3539
3534
3539
3535
3540
3539
3542
3539
3540
3538
3539
3541
3539
3542
3539
3540
3543
3544
3540
3539
3541
3545
3541
3541
3545
3540
3542
3541
3546
3545
3547
3545
3543
3543
3545
3546
3548
3549
3545
3548
3544
3543
3550
3549
3548
3549
3549
3546
3546
3553
3549
3553
3554
3552
3550
3556
3556
3556
3558
3557
3555
3556
3555
3558
3554
3559
3554
3557
3554
3555
3558
3555
3553
3555
3558
3553
3558
3556
3557
3560
3560
3562
3559
3558
3560
3562
3561
3557
3563
3560
3559
3563
3561
3564
3564
3562
3563
3562
3563
3562
3560
3566
3563
3563
3566
3565
3563
3565
3564
3562
3563
3561
3563
3562
3564
3565
3566
3564
3565
3566
3563
3567
3567
3561
3564
3563
3565
3562
3565
3568
3566
3570
3567
3564
3567
3565
3563
3568
3564
3572
3567
3577
3569
3565
3569
3571
3567
3570
3565
3566
3565
3566
3565
3565
3564
3563
3565
3566
3564
3562
3562
3562
3561
3562
3561
3561
3562
3560
3559
3560
3560
3559
3558
3559
3557
3558
3557
3555
3556
3555
3555
3554
3554
3554
3554
3553
3551
3551
3552
3551
3550
3550
3548
3548
3548
3546
3547
3548
3545
3546
3543
3545
3543
3545
3542
3545
3541
3542
3541
3540
3539
3541
3540
3541
3538
3540
3537
3537
3537
3537
3536
3538
3537
3535
3535
3535
3535
3536
3537
3536
3535
3534
3536
3535
3535
3534
3534
3533
3534
3534
3532
3532
3533
3532
3532
3532
3533
3533
3533
3532
3531
3532
3532
3532
3531
3532
3532
3532
3532
3532
3529
3531
3531
3531
3531
3531
3531
3530
3531
3530
3529
3531
3530
3530
3530
3531
3531
3530
3530
3530
3530
3529
3530
3530
3529
3530
3529
3529
3529
3529
3529
3529
3529
3529
3529
3529
3529
