2148
2148
2149
2149
2149
2149
2149
2149
2150
2150
2150
2151
2151
2152
2153
2153
2153
2152
2154
2154
2155
2155
2156
2155
2156
2157
2157
2158
2158
2159
2160
2160
2161
2161
2162
2162
2163
2163
2163
2164
2165
2165
2166
2167
2167
2169
2169
2170
2170
2171
2172
2172
2173
2173
2175
2175
2175
2177
2178
2179
2180
2181
2181
2182
2183
2183
2185
2187
2187
2188
2188
2190
2191
2191
2193
2194
2197
2197
2198
2201
2200
2203
2205
2205
2207
2208
2210
2212
2214
2215
2216
2219
2220
2221
2224
2226
2229
2230
2233
2232
2237
2236
2239
2241
2243
2246
2248
2250
2252
2254
2254
2258
2257
2260
2263
2264
2263
2265
2267
2267
2269
2271
2272
2274
2276
2273
2274
2281
2284
2280
2283
2284
2285
2289
2289
2290
2288
2290
2292
2293
2292
2297
2295
2296
2300
2302
2304
2305
2306
2308
2307
2310
2313
2315
2316
2319
2319
2322
2323
2327
2329
2331
2334
2336
2338
2341
2344
2344
2347
2350
2352
2355
2357
2361
2364
2365
2368
2371
2373
2377
2380
2383
2386
2388
2392
2396
2396
2400
2404
2407
2410
2413
2416
2420
2424
2427
2429
2432
2435
2437
2440
2444
2447
2451
2456
2455
2459
2465
2467
2471
2474
2476
2480
2484
2485
2491
2494
2499
2500
2502
2504
2509
2513
2519
2517
2523
2525
2529
2532
2535
2538
2542
2545
2548
2550
2553
2556
2558
2561
2563
2565
2567
2568
2573
2573
2575
2577
2579
2581
2583
2583
2584
2586
2586
2587
2587
2589
2589
2590
2590
2591
2591
2591
2592
2591
2592
2590
2590
2591
2592
2591
2592
2592
2589
2590
2592
2590
2590
2589
2590
2587
2583
2591
2580
2580
2585
2582
2584
2582
2583
2580
2579
2578
2577
2576
2572
2571
2570
2568
2566
2563
2561
2558
2557
2555
2552
2552
2546
2543
2541
2540
2535
2531
2531
2528
2523
2519
2516
2514
2508
2505
2499
2493
2487
2487
2485
2482
2475
2472
2465
2467
2458
2456
2451
2448
2442
2437
2434
2431
2424
2423
2416
2410
2408
2405
2400
2396
2390
2387
2378
2380
2371
2375
2364
2365
2359
2353
2348
2346
2340
2335
2335
2329
2326
2322
2316
2316
2309
2307
2300
2296
2295
2292
2288
2285
2283
2279
2278
2276
2273
2268
2263
2265
2259
2259
2257
2252
2251
2250
2248
2246
2243
2241
2241
2238
2236
2238
2233
2233
2232
2230
2229
2229
2226
2228
2228
2225
2225
2225
2223
2224
2220
2222
2218
2216
2219
2217
2214
2216
2215
2214
2209
2209
2213
2208
2209
2208
2208
2207
2205
2204
2203
2201
2202
2201
2200
2198
2196
2197
2196
2195
2193
2192
2191
2190
2189
2188
2188
2186
2186
2183
2182
2180
2181
2180
2178
2177
2175
2174
2173
2172
2170
2169
2168
2169
2166
2166
2165
2164
2164
2162
2161
2159
2159
2157
2157
2156
2155
2154
2153
2153
2151
2150
2149
2149
2148
2147
2146
2145
2144
2143
2143
2142
2140
2140
2138
2138
2137
2137
2136
2135
2134
2133
2133
2131
2131
2130
2129
2128
2128
2126
2127
2126
2124
2124
2123
2123
2122
2122
2122
2120
2119
2119
2119
2118
2117
2116
2117
2115
2115
2115
2115
2114
2114
2114
2113
2112
2112
2112
2112
2112
2112
2111
2112
2111
2110
2110
2110
2110
2110
2110
2110
2109
2109
2108
2109
2108
2108
2108
2107
2108
2108
2107
2108
2107
2107
2107
2106
2107
2107
2107
2106
2107
2105
2107
2105
2105
2105
2105
2105
2106
2104
2104
2104
2103
2104
2104
2103
2104
2103
2103
2102
2103
2102
2103
2101
2102
2101
2101
2101
2101
2101
2100
2101
2100
2100
2100
2100
2100
2100
2099
2100
2100
2098
2099
2099
2098
2098
2098
2098
2098
2098
2097
2097
2097
2097
2098
2097
2097
2097
2097
2097
2097
2096
2096
2096
2095
2096
2096
2096
2095
2095
2096
2096
2096
2096
2096
2096
2095
2095
2095
2095
2096
2095
2096
2095
2095
2095
2095
2094
2094
2095
2095
2094
2094
2094
2094
2094
2094
2094
2094
2094
2093
2093
2093
2094
2093
2093
2093
2093
2093
2093
2093
2093
2092
2093
2093
2093
2093
2093
2093
2092
2093
2092
2093
2093
2092
2092
2092
2092
2092
2092
2092
2092
2092
2093
2092
2092
2092
2091
2092
2092
2091
2092
2092
2091
2091
2092
2091
2092
2091
2090
2090
2091
2091
2091
2091
2091
2091
2091
2091
2091
2091
2091
2089
2089
2090
2089
2090
2090
2090
2089
2090
2090
2090
2089
2090
2089
2089
2089
2089
2089
2088
2088
2088
2088
2088
2088
2088
2088
2088
2087
2088
2087
2087
2087
2087
2087
2087
2087
2087
2087
2087
2087
2086
2086
2085
2086
2086
2086
2085
2086
2086
2085
2086
2086
2086
2085
2085
2085
2086
2085
2085
2085
2084
2084
2085
2084
2084
2084
2084
2084
2084
2084
2083
2083
2083
2084
2083
2083
2083
2083
2083
2083
2082
2083
2083
2082
2082
2082
2082
2082
2082
2082
2082
2082
2082
2082
2083
2082
2081
2082
2083
2082
2082
2082
2082
2082
2082
2081
2081
2082
2082
2081
2081
2081
2081
2081
2081
2081
2081
2081
2081
2081
2080
2081
2082
2081
2080
2080
2081
2081
2080
2080
2081
2080
2080
2080
2080
2080
2080
2080
2080
2080
2079
2079
2079
2079
2079
2079
2080
2079
2079
2079
2080
2079
2080
2079
2079
2079
2079
2079
2078
2078
2078
2079
2078
2078
2078
2078
2078
2078
2078
2078
2078
2078
2077
2078
2077
2078
2078
2078
2078
2076
2078
2077
2077
2078
2077
2077
2077
2077
2076
2077
2077
2076
2077
2077
2077
2077
2077
2077
2076
2077
2077
2076
2076
2076
2076
2076
2075
2076
2075
2076
2077
2076
2076
2075
2075
2076
2075
2076
2076
2075
2075
2075
2075
2075
2075
2075
2075
2075
2075
2074
2075
2075
2075
2075
2075
2074
2075
2075
2075
2074
2074
2075
2075
2074
2075
2075
2075
2074
2075
2075
2074
2075
2075
2074
2074
2074
2075
2074
2075
2074
2074
2074
2074
2073
2074
2074
2075
2074
