2414
2413
2417
2414
2416
2417
2419
2419
2422
2422
2423
2424
2427
2427
2430
2431
2430
2432
2435
2436
2437
2439
2441
2443
2445
2446
2447
2448
2450
2453
2455
2457
2459
2461
2463
2464
2467
2470
2472
2475
2478
2478
2480
2484
2484
2489
2492
2495
2497
2499
2502
2506
2508
2510
2514
2518
2518
2522
2526
2528
2533
2537
2539
2544
2547
2547
2552
2556
2562
2565
2570
2573
2578
2581
2589
2590
2599
2602
2606
2613
2617
2624
2629
2637
2641
2647
2654
2655
2664
2672
2677
2685
2695
2702
2700
2708
2718
2729
2736
2743
2747
2756
2761
2775
2781
2785
2794
2800
2804
2813
2820
2825
2835
2840
2841
2850
2855
2860
2866
2868
2875
2879
2881
2885
2889
2896
2899
2909
2899
2905
2922
2931
2927
2934
2933
2936
2943
2944
2949
2964
2972
2961
2976
2982
2974
2985
2995
2997
3004
3011
3019
3026
3025
3033
3041
3047
3054
3059
3069
3078
3087
3091
3098
3110
3115
3118
3133
3137
3148
3162
3164
3178
3188
3198
3206
3217
3222
3234
3246
3254
3277
3287
3297
3301
3315
3326
3336
3336
3356
3362
3372
3386
3396
3409
3411
3428
3438
3445
3461
3470
3483
3489
3501
3516
3525
3535
3547
3557
3568
3579
3592
3600
3613
3629
3633
3653
3660
3665
3681
3696
3699
3714
3724
3733
3743
3753
3770
3774
3783
3792
3801
3811
3825
3830
3839
3848
3855
3860
3870
3880
3883
3890
3900
3902
3907
3913
3916
3920
3926
3929
3930
3930
3933
3934
3936
3939
3938
3937
3937
3938
3940
3938
3936
3937
3936
3935
3932
3934
3932
3923
3932
3933
3920
3908
3932
3917
3901
3916
3918
3898
3898
3911
3894
3895
3895
3883
3886
3875
3869
3861
3864
3867
3853
3844
3837
3832
3822
3810
3806
3796
3791
3774
3766
3774
3760
3750
3736
3723
3715
3703
3689
3685
3668
3656
3641
3637
3620
3596
3600
3579
3568
3555
3534
3526
3500
3501
3480
3458
3445
3431
3409
3404
3385
3361
3351
3346
3321
3322
3304
3287
3274
3260
3246
3232
3220
3200
3186
3175
3151
3141
3121
3106
3095
3081
3093
3068
3044
3033
3021
3009
3001
2990
2975
2963
2948
2938
2922
2905
2904
2886
2876
2867
2857
2846
2843
2822
2822
2806
2792
2790
2780
2775
2767
2754
2747
2740
2735
2727
2720
2714
2711
2700
2697
2690
2685
2677
2684
2674
2669
2665
2660
2657
2652
2659
2654
2640
2644
2642
2640
2636
2630
2628
2635
2628
2618
2615
2612
2619
2614
2610
2608
2607
2598
2602
2596
2591
2591
2584
2586
2572
2587
2575
2577
2566
2565
2561
2560
2557
2551
2552
2544
2541
2537
2532
2527
2525
2528
2518
2516
2515
2512
2506
2505
2502
2498
2492
2487
2485
2482
2475
2474
2470
2466
2461
2456
2455
2454
2449
2446
2442
2436
2437
2430
2429
2425
2420
2417
2417
2415
2410
2407
2403
2400
2398
2394
2392
2389
2386
2382
2379
2379
2373
2372
2368
2365
2362
2358
2359
2355
2351
2346
2347
2344
2341
2338
2334
2333
2331
2330
2325
2324
2322
2318
2317
2314
2312
2311
2307
2306
2302
2301
2300
2297
2295
2293
2292
2290
2288
2286
2284
2285
2283
2281
2281
2280
2277
2276
2274
2276
2274
2273
2273
2273
2271
2271
2269
2267
2269
2268
2268
2267
2266
2265
2265
2264
2263
2261
2262
2261
2258
2262
2259
2257
2261
2257
2257
2257
2259
2255
2253
2256
2254
2255
2253
2253
2252
2251
2251
2250
2250
2250
2248
2248
2247
2246
2246
2245
2245
2244
2243
2244
2242
2241
2241
2241
2241
2239
2238
2238
2238
2237
2236
2236
2235
2234
2234
2234
2233
2233
2232
2231
2231
2231
2230
2230
2229
2229
2228
2228
2227
2228
2227
2227
2227
2225
2225
2225
2225
2224
2224
2224
2224
2223
2222
2223
2222
2222
2221
2222
2221
2220
2220
2221
2221
2219
2220
2220
2219
2218
2218
2219
2218
2218
2218
2217
2216
2216
2216
2216
2216
2215
2216
2215
2214
2215
2214
2213
2213
2213
2213
2213
2213
2212
2212
2212
2212
2211
2211
2211
2211
2211
2211
2211
2210
2210
2210
2210
2209
2210
2209
2209
2210
2210
2209
2209
2209
2209
2209
2208
2209
2209
2208
2208
2208
2208
2208
2207
2207
2208
2208
2207
2207
2207
2207
2206
2207
2206
2206
2206
2206
2205
2205
2205
2204
2205
2204
2204
2204
2203
2203
2204
2203
2203
2202
2202
2202
2202
2202
2202
2201
2200
2200
2200
2200
2199
2199
2199
2199
2198
2199
2197
2198
2196
2197
2196
2196
2196
2196
2195
2195
2194
2195
2193
2194
2194
2192
2193
2192
2192
2192
2191
2191
2191
2191
2190
2190
2190
2189
2189
2189
2189
2188
2188
2187
2187
2186
2185
2186
2186
2187
2185
2185
2185
2184
2184
2185
2183
2182
2182
2182
2182
2181
2181
2181
2180
2181
2180
2180
2180
2179
2179
2179
2179
2178
2178
2178
2178
2177
2177
2177
2176
2177
2176
2176
2176
2176
2176
2176
2175
2175
2175
2175
2175
2175
2174
2174
2175
2174
2174
2174
2174
2174
2173
2173
2173
2173
2173
2172
2173
2172
2173
2172
2172
2172
2172
2171
2171
2172
2171
2171
2171
2171
2170
2170
2170
2170
2170
2170
2169
2169
2170
2170
2169
2168
2169
2169
2168
2168
2167
2167
2168
2166
2167
2166
2166
2166
2166
2165
2166
2165
2165
2165
2165
2165
2165
2164
2164
2164
2164
2163
2163
2163
2163
2163
2162
2162
2162
2162
2161
2161
2161
2161
2160
2160
2160
2160
2160
2160
2159
2159
2160
2158
2159
2159
2158
2158
2157
2158
2157
2158
2157
2157
2157
2157
2156
2156
2157
2156
2155
2156
2155
2155
2155
2155
2155
2155
2154
2154
2154
2154
2153
2154
2153
2153
2153
2153
2153
2153
2153
2153
2152
2152
2152
2151
2152
2151
2152
2151
2152
2152
2151
2151
2151
2151
2150
2151
2150
2151
2151
2152
2150
2150
2150
2150
2150
2151
2150
2150
2150
2150
2150
2149
2149
2150
2149
2149
2150
2149
2149
2149
2148
2149
