2107
2107
2108
2108
2108
2108
2108
2108
2108
2109
2108
2109
2108
2108
2109
2108
2108
2108
2108
2108
2110
2109
2109
2109
2110
2109
2109
2109
2109
2110
2109
2109
2110
2110
2110
2110
2109
2110
2110
2110
2110
2110
2111
2110
2110
2110
2111
2110
2110
2111
2110
2110
2111
2110
2110
2111
2110
2111
2110
2112
2111
2111
2110
2111
2111
2110
2110
2111
2111
2111
2111
2111
2111
2111
2111
2111
2111
2111
2111
2111
2111
2111
2112
2110
2111
2111
2111
2111
2111
2111
2111
2111
2111
2110
2111
2111
2111
2111
2111
2111
2111
2111
2111
2111
2111
2111
2111
2111
2111
2111
2111
2111
2111
2111
2111
2110
2112
2111
2110
2110
2110
2111
2111
2111
2111
2111
2110
2111
2111
2112
2112
2112
2112
2111
2110
2111
2112
2112
2112
2112
2111
2111
2112
2112
2111
2112
2111
2112
2111
2111
2111
2111
2111
2112
2112
2112
2111
2111
2111
2111
2112
2111
2111
2111
2111
2111
2111
2112
2112
2112
2111
2111
2111
2111
2111
2111
2111
2112
2112
2112
2112
2111
2111
2111
2111
2111
2111
2111
2111
2111
2111
2111
2111
2111
2111
2112
2111
2112
2112
2112
2112
2112
2112
2112
2112
2112
2112
2112
2113
2111
2112
2112
2111
2111
2112
2112
2113
2113
2113
2113
2113
2113
2112
2112
2112
2114
2112
2114
2113
2113
2113
2113
2114
2115
2114
2114
2115
2114
2114
2115
2115
2115
2115
2114
2115
2116
2115
2116
2116
2115
2116
2115
2117
2117
2116
2117
2117
2117
2117
2117
2116
2117
2118
2117
2117
2117
2118
2118
2117
2119
2118
2119
2118
2118
2118
2118
2118
2118
2118
2118
2119
2118
2118
2119
2119
2120
2119
2119
2120
2119
2120
2119
2119
2120
2121
2120
2121
2121
2121
2120
2121
2120
2121
2121
2122
2122
2121
2122
2122
2123
2122
2122
2122
2122
2122
2123
2123
2123
2123
2123
2123
2123
2124
2124
2124
2124
2125
2125
2125
2124
2124
2125
2125
2125
2125
2126
2126
2127
2126
2125
2125
2126
2127
2127
2127
2126
2127
2127
2127
2127
2128
2129
2127
2128
2129
2128
2127
2127
2128
2127
2128
2128
2128
2129
2129
2128
2128
2128
2127
2128
2128
2129
2126
2127
2129
2128
2127
2127
2127
2127
2127
2129
2128
2128
2130
2129
2130
2131
2132
2130
2130
2132
2129
2131
2130
2129
2131
2127
2128
2130
2127
2131
2130
2131
2131
2132
2130
2127
2127
2130
2126
2129
2128
2129
2130
2130
2126
2129
2128
2129
2128
2128
2128
2129
2127
2130
2129
2128
2130
2129
2126
2127
2127
2127
2128
2128
2128
2127
2127
2127
2126
2127
2127
2127
2127
2125
2125
2125
2126
2127
2130
2133
2134
2134
2135
2133
2131
2130
2134
2133
2131
2131
2129
2129
2131
2130
2128
2128
2129
2128
2129
2131
2133
2131
2130
2127
2129
2128
2127
2129
2132
2129
2132
2133
2132
2133
2132
2133
2134
2132
2134
2136
2130
2132
2133
2133
2131
2131
2133
2131
2133
2132
2133
2130
2130
2131
2132
2134
2133
2133
2141
2133
2133
2132
2136
2135
2134
2131
2133
2134
2136
2135
2136
2135
2137
2139
2133
2137
2135
2136
2130
2133
2133
2134
2133
2135
2132
2136
2130
2135
2134
2134
2131
2126
2127
2128
2137
2126
2130
2122
2127
2128
2135
2127
2127
2129
2132
2132
2131
2136
2127
2129
2129
2131
2134
2135
2130
2127
2130
2129
2132
2131
2135
2133
2131
2133
2132
2132
2130
2131
2130
2130
2134
2133
2135
2131
2132
2139
2137
2135
2139
2139
2139
2140
2138
2139
2136
2137
2136
2134
2135
2134
2135
2134
2135
2135
2133
2135
2134
2132
2133
2134
2131
2132
2132
2132
2134
2132
2134
2132
2132
2132
2132
2132
2133
2132
2133
2133
2134
2133
2134
2134
2133
2132
2133
2134
2133
2133
2134
2133
2134
2135
2134
2134
2134
2135
2135
2133
2134
2135
2133
2134
2134
2134
2134
2135
2134
2133
2133
2134
2134
2133
2133
2134
2132
2133
2132
2132
2131
2133
2131
2131
2133
2134
2131
2130
2130
2131
2130
2130
2130
2131
2131
2130
2133
2129
2132
2130
2134
2130
2131
2132
2131
2131
2129
2128
2130
2128
2127
2130
2131
2131
2129
2129
2131
2128
2128
2130
2129
2127
2129
2130
2131
2129
2128
2129
2129
2129
2129
2130
2128
2127
2128
2129
2128
2129
2131
2127
2128
2128
2130
2128
2127
2128
2129
2127
2127
2130
2128
2127
2126
2129
2127
2126
2127
2127
2126
2128
2127
2127
2126
2124
2125
2124
2126
2125
2124
2124
2124
2123
2123
2123
2123
2122
2122
2122
2122
2122
2122
2122
2122
2122
2121
2121
2121
2120
2121
2120
2120
2120
2120
2120
2120
2119
2118
2119
2119
2119
2118
2118
2118
2118
2117
2118
2117
2117
2118
2117
2117
2117
2116
2116
2116
2115
2117
2116
2115
2115
2115
2116
2116
2115
2115
2115
2115
2115
2115
2115
2114
2114
2115
2114
2114
2114
2113
2113
2114
2113
2112
2112
2113
2113
2113
2113
2113
2111
2111
2111
2114
2110
2111
2112
2111
2113
2113
2113
2113
2113
2114
2112
2112
2112
2112
2113
2111
2113
2111
2113
2113
2112
2113
2112
2112
2111
2111
2112
2111
2111
2112
2112
2111
2110
2111
2111
2112
2112
2112
2111
2111
2110
2111
2111
2111
2111
2111
2112
2112
2111
2111
2110
2111
2111
2110
2111
2110
2110
2110
2111
2110
2109
2110
2109
2110
2110
2109
2109
2110
2110
2108
2109
2109
2108
2109
2109
2109
2108
2109
2109
2108
2108
2107
2107
2107
2107
2107
2108
2108
2108
2108
2108
2107
2108
2107
2108
2106
2107
2107
2106
2108
2107
2107
2107
2107
2107
2106
2106
2107
2106
2107
2107
2106
2105
2105
2106
2106
2107
2107
2107
2106
2106
2106
2106
2106
2106
2106
2106
2106
2106
2106
2105
2106
2106
2106
2106
2107
2106
2106
2106
2106
2107
2106
2107
2106
2106
2106
2106
2107
2106
2106
2105
2106
2106
2106
2106
2106
2106
2106
2106
2106
2106
2106
2106
